49 0.681641 0.840972 0.113281 0.168056
49 0.572266 0.834722 0.105469 0.155556
49 0.459375 0.825000 0.120312 0.175000
49 0.338281 0.817361 0.110937 0.168056
49 0.229297 0.815278 0.096094 0.169444
49 0.122266 0.832639 0.107031 0.156944
49 0.452734 0.220139 0.094531 0.145833
49 0.344531 0.217361 0.103125 0.159722
49 0.230078 0.227083 0.108594 0.154167
49 0.132031 0.225694 0.082813 0.159722
47 0.803125 0.238194 0.118750 0.123611
47 0.683984 0.230556 0.091406 0.113889
47 0.567187 0.233333 0.115625 0.141667
29 0.821875 0.599306 0.100000 0.148611
45 0.715625 0.610417 0.112500 0.120833
45 0.606250 0.609722 0.106250 0.119444
45 0.498437 0.611111 0.109375 0.116667
27 0.828516 0.093750 0.117969 0.120833
27 0.712500 0.091667 0.114063 0.113889
50 0.553906 0.118056 0.135937 0.058333
50 0.573438 0.067361 0.103125 0.056944
50 0.490625 0.062500 0.062500 0.047222
50 0.418359 0.057639 0.082031 0.056944
50 0.430859 0.113194 0.111719 0.054167
51 0.325391 0.085417 0.099219 0.109722
51 0.223438 0.085417 0.104687 0.109722
51 0.117969 0.083333 0.106250 0.113889
10 0.810547 0.393750 0.108594 0.168056
10 0.699219 0.391667 0.107813 0.166667
10 0.594922 0.388194 0.100781 0.159722
9 0.404687 0.602083 0.075000 0.140278
9 0.314063 0.605556 0.106250 0.147222
9 0.208594 0.615972 0.104687 0.126389
9 0.111719 0.611111 0.089062 0.116667
11 0.493750 0.393056 0.096875 0.158333
11 0.417188 0.388194 0.081250 0.140278
11 0.306250 0.390972 0.104687 0.151389
52 0.205078 0.395139 0.088281 0.140278
52 0.115625 0.394444 0.090625 0.138889
