15 0.544922 0.771528 0.142969 0.170833
7 0.874609 0.768056 0.149219 0.161111
7 0.758594 0.751389 0.121875 0.161111
7 0.389844 0.761111 0.134375 0.161111
7 0.254297 0.770833 0.136719 0.172222
7 0.124219 0.761806 0.134375 0.156944
7 0.102734 0.511806 0.094531 0.143056
7 0.241016 0.526389 0.141406 0.141667
7 0.385156 0.516667 0.125000 0.150000
7 0.516797 0.516667 0.136719 0.155556
7 0.680078 0.514583 0.130469 0.151389
7 0.864844 0.521528 0.121875 0.140278
7 0.863672 0.340972 0.136719 0.145833
7 0.717969 0.340278 0.126563 0.152778
7 0.591016 0.342361 0.127344 0.156944
7 0.432422 0.338889 0.136719 0.152778
7 0.299609 0.340278 0.128906 0.155556
7 0.148047 0.334722 0.119531 0.163889
19 0.873438 0.195139 0.131250 0.109722
19 0.731250 0.197222 0.095312 0.108333
19 0.615234 0.190972 0.136719 0.098611
19 0.490625 0.192361 0.112500 0.098611
19 0.367969 0.195139 0.132812 0.104167
19 0.246484 0.197222 0.110156 0.100000
19 0.143359 0.195833 0.096094 0.097222
20 0.887891 0.102083 0.127344 0.051389
20 0.753125 0.048611 0.142188 0.047222
20 0.749609 0.093750 0.133594 0.043056
20 0.631250 0.050000 0.096875 0.050000
20 0.532812 0.094444 0.134375 0.033333
20 0.428516 0.052778 0.108594 0.050000
20 0.392578 0.092361 0.128906 0.045833
20 0.283203 0.054167 0.125781 0.055556
20 0.274609 0.104167 0.108594 0.044444
20 0.133984 0.093750 0.169531 0.045833
20 0.130078 0.041667 0.161719 0.058333
