32 0.639453 0.297222 0.152344 0.172222
21 0.482812 0.309722 0.154687 0.152778
21 0.298438 0.295139 0.156250 0.170833
21 0.141016 0.304861 0.152344 0.179167
20 0.919922 0.247917 0.130469 0.059722
20 0.921094 0.309028 0.125000 0.062500
20 0.922656 0.362500 0.120312 0.052778
20 0.785156 0.247222 0.135937 0.061111
20 0.790234 0.306944 0.136719 0.061111
20 0.789062 0.363889 0.137500 0.055556
19 0.934766 0.141667 0.100781 0.100000
19 0.814062 0.133333 0.145313 0.108333
19 0.701172 0.136111 0.078906 0.111111
19 0.584766 0.134722 0.153906 0.113889
19 0.417578 0.134722 0.141406 0.102778
19 0.272266 0.135417 0.149219 0.101389
19 0.134375 0.138194 0.126563 0.106944
12 0.879297 0.472917 0.161719 0.120833
12 0.744531 0.475694 0.107813 0.126389
12 0.611719 0.476389 0.157813 0.125000
12 0.453516 0.479167 0.158594 0.130556
12 0.292969 0.482639 0.162500 0.123611
12 0.135547 0.481944 0.152344 0.119444
5 0.910547 0.625694 0.127344 0.148611
5 0.784375 0.631944 0.110937 0.172222
5 0.626172 0.652778 0.152344 0.191667
7 0.441797 0.647917 0.152344 0.190278
7 0.272266 0.651389 0.158594 0.191667
7 0.131250 0.643750 0.114063 0.198611
49 0.103516 0.874306 0.163281 0.195833
49 0.266797 0.864583 0.161719 0.184722
49 0.437109 0.878472 0.166406 0.193056
10 0.722656 0.877083 0.153125 0.220833
10 0.889453 0.876389 0.153906 0.200000
