27 0.496094 0.088194 0.045313 0.101389
27 0.558203 0.081944 0.102344 0.122222
27 0.652734 0.069444 0.094531 0.108333
20 0.412109 0.109028 0.100781 0.059722
20 0.311328 0.106944 0.103906 0.061111
20 0.426953 0.048611 0.078906 0.055556
20 0.351953 0.054167 0.052344 0.055556
20 0.293750 0.054861 0.064062 0.054167
19 0.221875 0.081250 0.079687 0.115278
19 0.137500 0.080556 0.092188 0.108333
19 0.049219 0.077778 0.082813 0.113889
49 0.056641 0.222222 0.078906 0.155556
49 0.141406 0.215278 0.090625 0.161111
49 0.225391 0.211806 0.072656 0.156944
49 0.325391 0.218750 0.111719 0.145833
49 0.063672 0.805556 0.091406 0.186111
49 0.146484 0.781944 0.083594 0.166667
49 0.236328 0.788194 0.102344 0.220833
49 0.339063 0.800000 0.085938 0.191667
49 0.431250 0.800694 0.075000 0.193056
49 0.525391 0.809028 0.078906 0.198611
49 0.608984 0.815278 0.080469 0.186111
13 0.427344 0.221528 0.087500 0.148611
13 0.515234 0.229167 0.089844 0.141667
13 0.616797 0.226389 0.108594 0.138889
52 0.047656 0.377083 0.071875 0.159722
52 0.124609 0.382639 0.074219 0.148611
11 0.206250 0.386111 0.087500 0.152778
11 0.289844 0.379861 0.076563 0.148611
11 0.365234 0.384722 0.075781 0.147222
10 0.448828 0.384722 0.088281 0.147222
10 0.539453 0.380556 0.092969 0.150000
10 0.628125 0.382639 0.090625 0.143056
29 0.646094 0.590278 0.082813 0.158333
45 0.556250 0.600694 0.089062 0.126389
45 0.471094 0.595139 0.082813 0.137500
45 0.379297 0.597222 0.094531 0.133333
9 0.047266 0.586806 0.072656 0.134722
9 0.128125 0.580556 0.081250 0.141667
9 0.217578 0.581944 0.096094 0.150000
9 0.295703 0.577083 0.072656 0.170833
