37 0.530078 0.654861 0.083594 0.079167
37 0.369531 0.660417 0.089062 0.087500
37 0.287891 0.656944 0.074219 0.080556
37 0.125000 0.657639 0.089062 0.081944
10 0.128516 0.113194 0.072656 0.115278
10 0.208203 0.109722 0.077344 0.113889
10 0.305469 0.108333 0.076563 0.113889
10 0.395312 0.115972 0.087500 0.118056
9 0.485156 0.120833 0.082813 0.116667
9 0.607031 0.127778 0.076563 0.105556
9 0.694141 0.121528 0.082031 0.104167
30 0.818750 0.270833 0.065625 0.111111
30 0.883203 0.270139 0.060156 0.123611
33 0.230859 0.265278 0.075781 0.133333
34 0.072656 0.258333 0.068750 0.127778
35 0.150000 0.259028 0.079687 0.134722
11 0.432422 0.265278 0.085156 0.125000
11 0.519922 0.259722 0.085156 0.127778
44 0.466797 0.404861 0.067969 0.118056
44 0.375391 0.402083 0.074219 0.112500
44 0.299219 0.406944 0.078125 0.122222
1 0.885938 0.406250 0.082813 0.095833
1 0.951953 0.400694 0.052344 0.098611
36 0.741406 0.406250 0.067188 0.115278
36 0.670703 0.405556 0.074219 0.113889
36 0.594922 0.409028 0.077344 0.106944
22 0.763672 0.544444 0.075781 0.108333
22 0.660937 0.541667 0.079687 0.100000
22 0.576953 0.543750 0.088281 0.104167
24 0.276563 0.540278 0.100000 0.102778
24 0.423438 0.534028 0.107813 0.093056
2 0.184766 0.822917 0.153906 0.165278
2 0.489453 0.836111 0.124219 0.122222
37 0.380078 0.836111 0.107031 0.144444
37 0.306641 0.822222 0.085156 0.150000
