20 0.869531 0.129861 0.131250 0.045833
20 0.733203 0.081944 0.132031 0.052778
20 0.735937 0.129167 0.132812 0.044444
20 0.614062 0.081250 0.104687 0.062500
20 0.513281 0.130556 0.112500 0.047222
20 0.419922 0.077083 0.102344 0.056944
20 0.385547 0.128472 0.124219 0.045833
20 0.275000 0.078472 0.096875 0.054167
20 0.152734 0.076389 0.124219 0.066667
19 0.856641 0.225694 0.122656 0.106944
19 0.733984 0.225000 0.116406 0.094444
19 0.604297 0.226389 0.125781 0.105556
19 0.484766 0.222917 0.102344 0.101389
19 0.365625 0.222917 0.126563 0.098611
19 0.245312 0.225694 0.106250 0.109722
19 0.143750 0.228472 0.089062 0.095833
7 0.847656 0.381250 0.131250 0.151389
7 0.709375 0.375694 0.117188 0.148611
7 0.152344 0.377083 0.110937 0.143056
7 0.298828 0.375694 0.122656 0.145833
7 0.427344 0.378472 0.107813 0.156944
7 0.586328 0.371528 0.117969 0.156944
7 0.858594 0.542361 0.112500 0.148611
7 0.680469 0.559028 0.112500 0.159722
7 0.518359 0.559028 0.124219 0.156944
7 0.385938 0.557639 0.117188 0.148611
7 0.237891 0.564583 0.128906 0.159722
7 0.108984 0.554861 0.088281 0.151389
7 0.264453 0.825694 0.117969 0.187500
7 0.391797 0.806250 0.121094 0.181944
7 0.884375 0.822222 0.143750 0.197222
15 0.557031 0.834722 0.139062 0.186111
