37 0.583203 0.890278 0.096094 0.219444
37 0.558203 0.848611 0.113281 0.241667
37 0.451172 0.838889 0.089844 0.219444
37 0.380859 0.886806 0.103906 0.220833
37 0.284375 0.867361 0.093750 0.256944
49 0.203906 0.857639 0.070312 0.181944
49 0.119922 0.900000 0.097656 0.200000
24 0.495313 0.640278 0.095312 0.152778
24 0.399219 0.639583 0.096875 0.151389
24 0.301172 0.638194 0.099219 0.154167
24 0.105859 0.637500 0.094531 0.152778
15 0.423438 0.455556 0.092188 0.186111
15 0.338672 0.445139 0.069531 0.190278
22 0.260547 0.488194 0.074219 0.118056
22 0.182031 0.490278 0.075000 0.119444
22 0.105078 0.490972 0.078906 0.131944
43 0.515625 0.422917 0.081250 0.131944
45 0.601953 0.289583 0.080469 0.120833
48 0.142969 0.285417 0.073437 0.106944
48 0.232031 0.284722 0.064062 0.105556
50 0.565625 0.154167 0.079687 0.044444
50 0.487891 0.159028 0.075781 0.054167
29 0.403906 0.119444 0.026563 0.113889
29 0.354297 0.102778 0.069531 0.150000
29 0.279687 0.104167 0.070312 0.141667
29 0.205078 0.108333 0.071094 0.147222
20 0.571094 0.040972 0.075000 0.070833
20 0.622656 0.094444 0.037500 0.072222
20 0.562109 0.100000 0.083594 0.061111
20 0.483203 0.102778 0.074219 0.066667
