36 0.925391 0.843056 0.111719 0.155556
36 0.801172 0.841667 0.114844 0.161111
36 0.682422 0.840972 0.117969 0.148611
20 0.536719 0.870139 0.121875 0.059722
20 0.539062 0.813889 0.123438 0.058333
20 0.418750 0.886111 0.123438 0.069444
20 0.419141 0.811111 0.117969 0.069444
19 0.290234 0.860417 0.130469 0.131944
19 0.162500 0.859028 0.120312 0.123611
19 0.061719 0.863194 0.123438 0.131944
19 0.068359 0.735417 0.136719 0.109722
19 0.319531 0.717361 0.109375 0.090278
19 0.205469 0.725000 0.118750 0.105556
13 0.899609 0.608333 0.113281 0.102778
13 0.781641 0.609028 0.133594 0.112500
18 0.648438 0.597222 0.115625 0.102778
18 0.533594 0.601389 0.114063 0.111111
18 0.418750 0.596528 0.112500 0.112500
18 0.305469 0.600000 0.114063 0.119444
18 0.182812 0.602778 0.131250 0.113889
18 0.059766 0.609028 0.114844 0.126389
48 0.931641 0.486111 0.105469 0.113889
48 0.815234 0.488194 0.127344 0.118056
48 0.691797 0.490278 0.119531 0.113889
48 0.557031 0.488194 0.150000 0.109722
48 0.421875 0.488889 0.120312 0.108333
48 0.300000 0.488889 0.123438 0.108333
48 0.179688 0.488194 0.117188 0.109722
48 0.061719 0.489583 0.118750 0.112500
49 0.811719 0.346528 0.109375 0.151389
49 0.696484 0.347222 0.121094 0.152778
49 0.208594 0.348611 0.129688 0.150000
49 0.081250 0.352083 0.125000 0.156944
34 0.852344 0.181944 0.101562 0.150000
37 0.949219 0.182639 0.084375 0.151389
39 0.501172 0.178472 0.105469 0.145833
39 0.393359 0.176389 0.110156 0.141667
39 0.280859 0.179167 0.114844 0.136111
39 0.167187 0.182639 0.112500 0.143056
39 0.057813 0.181250 0.115625 0.145833
