7 0.116797 0.784722 0.130469 0.172222
7 0.255469 0.783333 0.142188 0.172222
7 0.389844 0.781250 0.123438 0.170833
7 0.871484 0.790278 0.144531 0.175000
7 0.752344 0.772917 0.098438 0.165278
7 0.856641 0.550694 0.122656 0.143056
7 0.674219 0.537500 0.125000 0.158333
7 0.517187 0.538194 0.135937 0.151389
7 0.383984 0.532639 0.125781 0.145833
7 0.235156 0.529861 0.125000 0.154167
7 0.101172 0.533333 0.091406 0.152778
7 0.149219 0.354861 0.117188 0.154167
7 0.291797 0.352778 0.124219 0.147222
7 0.417188 0.353472 0.120312 0.154167
7 0.580078 0.354861 0.132031 0.145833
7 0.708594 0.360417 0.126563 0.148611
7 0.853516 0.355556 0.128906 0.150000
37 0.861328 0.211111 0.128906 0.097222
37 0.730859 0.209722 0.122656 0.102778
37 0.600391 0.209722 0.121094 0.094444
37 0.480859 0.208333 0.113281 0.102778
37 0.359375 0.209028 0.126563 0.104167
37 0.239844 0.206944 0.112500 0.102778
37 0.136719 0.208333 0.089062 0.100000
20 0.872656 0.114583 0.131250 0.045833
20 0.864844 0.067361 0.109375 0.054167
20 0.736719 0.062500 0.137500 0.055556
20 0.739453 0.115972 0.132031 0.043056
20 0.614844 0.068750 0.098438 0.054167
20 0.522266 0.113194 0.136719 0.043056
20 0.516797 0.066667 0.085156 0.047222
20 0.423438 0.067361 0.095312 0.054167
20 0.380859 0.109722 0.133594 0.050000
20 0.146094 0.061111 0.131250 0.055556
20 0.066797 0.063194 0.047656 0.065278
20 0.144531 0.113889 0.123438 0.044444
15 0.543359 0.789583 0.144531 0.170833
