12 0.748828 0.627083 0.130469 0.126389
12 0.396484 0.636806 0.138281 0.140278
12 0.532422 0.636111 0.130469 0.133333
12 0.634766 0.626389 0.086719 0.133333
12 0.271875 0.630556 0.114063 0.136111
37 0.344922 0.150000 0.117969 0.083333
37 0.485547 0.146528 0.128906 0.081944
37 0.621094 0.145139 0.137500 0.081944
37 0.771875 0.151389 0.120312 0.097222
20 0.249219 0.271528 0.143750 0.079167
20 0.247266 0.326389 0.141406 0.083333
20 0.362500 0.324306 0.084375 0.084722
20 0.532812 0.271528 0.131250 0.087500
20 0.517578 0.318750 0.127344 0.076389
20 0.684766 0.266667 0.130469 0.086111
20 0.680859 0.334722 0.124219 0.094444
19 0.242969 0.802778 0.142188 0.161111
19 0.243359 0.923611 0.136719 0.100000
19 0.357422 0.770833 0.092969 0.125000
19 0.378516 0.880556 0.132031 0.133333
37 0.448047 0.213194 0.127344 0.051389
37 0.171094 0.475000 0.117188 0.147222
37 0.283594 0.456944 0.103125 0.138889
37 0.373437 0.454167 0.073437 0.136111
37 0.476562 0.466667 0.107813 0.136111
37 0.576953 0.468750 0.096094 0.151389
37 0.694141 0.468750 0.111719 0.162500
