10 0.219922 0.876389 0.124219 0.200000
10 0.484375 0.845139 0.123438 0.193056
10 0.636328 0.821528 0.102344 0.176389
10 0.747266 0.834028 0.119531 0.181944
48 0.306250 0.466667 0.121875 0.102778
48 0.441016 0.466667 0.138281 0.108333
51 0.842188 0.361806 0.154687 0.056944
51 0.688672 0.302083 0.144531 0.065278
51 0.366797 0.298611 0.146094 0.083333
51 0.226172 0.365972 0.144531 0.051389
51 0.225781 0.300694 0.140625 0.079167
46 0.219922 0.127778 0.152344 0.191667
46 0.402734 0.128472 0.135156 0.181944
46 0.552344 0.127083 0.143750 0.162500
46 0.868750 0.123611 0.153125 0.163889
