19 0.897656 0.105556 0.128125 0.130556
19 0.767578 0.106944 0.124219 0.136111
19 0.637891 0.111806 0.132031 0.134722
19 0.510156 0.111806 0.120312 0.143056
19 0.387500 0.113194 0.120312 0.134722
19 0.270312 0.113889 0.106250 0.133333
19 0.168750 0.115278 0.093750 0.127778
15 0.575781 0.882639 0.148438 0.215278
7 0.181250 0.309722 0.114063 0.200000
7 0.325000 0.317361 0.118750 0.193056
7 0.448828 0.311806 0.121094 0.184722
7 0.614062 0.311111 0.120312 0.200000
7 0.735156 0.308333 0.117188 0.202778
7 0.882812 0.304861 0.126563 0.212500
7 0.868750 0.541667 0.139062 0.202778
7 0.699219 0.544444 0.125000 0.202778
7 0.541016 0.543056 0.128906 0.197222
7 0.411328 0.538889 0.127344 0.208333
7 0.275000 0.545139 0.129688 0.193056
7 0.131641 0.549306 0.099219 0.201389
7 0.892578 0.882639 0.144531 0.220833
7 0.418359 0.865972 0.138281 0.206944
7 0.282422 0.877778 0.138281 0.225000
7 0.152344 0.868750 0.115625 0.206944
