37 0.470313 0.552778 0.057813 0.105556
13 0.408203 0.535417 0.061719 0.109722
13 0.216406 0.540972 0.070312 0.095833
51 0.466797 0.435417 0.067969 0.090278
51 0.410156 0.433333 0.045313 0.086111
51 0.359375 0.431944 0.056250 0.088889
51 0.306641 0.431944 0.049219 0.088889
51 0.256250 0.433333 0.054688 0.094444
51 0.206250 0.433333 0.045313 0.094444
51 0.168359 0.433333 0.030469 0.094444
51 0.139844 0.432639 0.026563 0.093056
53 0.357031 0.318750 0.051562 0.115278
53 0.305078 0.317361 0.052344 0.112500
38 0.151562 0.314583 0.053125 0.120833
38 0.235938 0.187500 0.048437 0.108333
38 0.268359 0.195139 0.049219 0.120833
38 0.172656 0.185417 0.053125 0.104167
38 0.130469 0.190278 0.028125 0.100000
37 0.316016 0.193056 0.047656 0.113889
37 0.362109 0.186806 0.042969 0.112500
