10 0.952344 0.320139 0.090625 0.201389
10 0.911719 0.315278 0.054688 0.200000
10 0.820703 0.318750 0.127344 0.193056
10 0.691797 0.315278 0.130469 0.186111
10 0.560938 0.320139 0.128125 0.184722
10 0.432031 0.318750 0.129688 0.181944
10 0.312500 0.320833 0.109375 0.177778
10 0.225781 0.313194 0.059375 0.187500
10 0.160547 0.311806 0.099219 0.193056
48 0.634375 0.507639 0.120312 0.137500
48 0.517578 0.511111 0.113281 0.144444
48 0.400781 0.505556 0.115625 0.127778
48 0.283203 0.504861 0.117969 0.134722
48 0.165625 0.506250 0.117188 0.131944
48 0.053906 0.504861 0.106250 0.129167
36 0.365234 0.636111 0.044531 0.088889
36 0.305078 0.640972 0.097656 0.109722
36 0.156641 0.631250 0.100781 0.115278
36 0.053516 0.627778 0.107031 0.108333
37 0.661328 0.681250 0.091406 0.173611
37 0.580469 0.637500 0.057813 0.111111
37 0.790234 0.681944 0.111719 0.152778
37 0.911328 0.672222 0.116406 0.155556
37 0.775000 0.882639 0.165625 0.220833
23 0.560156 0.850694 0.081250 0.195833
23 0.435547 0.843056 0.100781 0.205556
23 0.251953 0.813889 0.105469 0.161111
23 0.139453 0.831250 0.119531 0.162500
23 0.032422 0.805556 0.064844 0.163889
31 0.958984 0.121528 0.082031 0.165278
31 0.853906 0.120139 0.123438 0.170833
31 0.733203 0.114583 0.113281 0.154167
31 0.623047 0.115972 0.107031 0.151389
31 0.516016 0.117361 0.107031 0.154167
31 0.404297 0.116667 0.116406 0.155556
31 0.295703 0.121528 0.100781 0.165278
31 0.188281 0.111806 0.109375 0.145833
34 0.077734 0.114583 0.111719 0.165278
