37 0.932422 0.093750 0.116406 0.181944
37 0.717578 0.090278 0.114844 0.180556
37 0.823828 0.096528 0.094531 0.168056
37 0.572266 0.106250 0.111719 0.170833
37 0.456250 0.107639 0.120312 0.173611
37 0.341406 0.101389 0.104687 0.155556
38 0.925391 0.282639 0.116406 0.176389
37 0.743359 0.287500 0.111719 0.169444
37 0.630469 0.284722 0.110937 0.180556
37 0.521484 0.284028 0.091406 0.154167
37 0.414453 0.279861 0.117969 0.159722
37 0.287891 0.289583 0.105469 0.159722
37 0.173438 0.284722 0.107813 0.166667
37 0.054688 0.282639 0.109375 0.159722
26 0.947656 0.468056 0.073437 0.161111
26 0.850781 0.455556 0.096875 0.152778
0 0.599609 0.468056 0.133594 0.161111
0 0.465625 0.466667 0.118750 0.166667
0 0.339453 0.469444 0.121094 0.172222
0 0.206641 0.462500 0.119531 0.172222
0 0.077734 0.465278 0.124219 0.169444
38 0.925000 0.852083 0.115625 0.181944
25 0.394922 0.641667 0.111719 0.166667
25 0.283203 0.644444 0.099219 0.155556
25 0.186719 0.636111 0.087500 0.155556
25 0.085547 0.626389 0.092969 0.136111
25 0.512891 0.640278 0.102344 0.166667
25 0.628516 0.636806 0.100781 0.159722
8 0.735937 0.640972 0.107813 0.159722
8 0.847266 0.646528 0.113281 0.179167
8 0.947656 0.631944 0.068750 0.147222
40 0.685547 0.831944 0.113281 0.194444
40 0.565234 0.835417 0.127344 0.201389
40 0.443359 0.809028 0.107031 0.148611
40 0.328906 0.818750 0.109375 0.170833
40 0.215234 0.819444 0.117969 0.169444
40 0.122266 0.806250 0.067969 0.176389
40 0.068750 0.829861 0.115625 0.181944
