42 0.903516 0.836806 0.157031 0.204167
42 0.735156 0.845139 0.159375 0.201389
42 0.571094 0.838889 0.165625 0.205556
42 0.406250 0.840972 0.154687 0.206944
42 0.240625 0.838889 0.162500 0.197222
42 0.080859 0.843750 0.150781 0.206944
45 0.852734 0.518056 0.124219 0.136111
45 0.956250 0.515972 0.071875 0.123611
51 0.867188 0.666667 0.132812 0.136111
51 0.723828 0.522917 0.127344 0.109722
51 0.731641 0.662500 0.127344 0.141667
51 0.598047 0.513889 0.116406 0.113889
51 0.473828 0.521528 0.128906 0.109722
51 0.341406 0.522917 0.132812 0.120833
51 0.204688 0.522222 0.134375 0.122222
51 0.066797 0.525694 0.133594 0.126389
51 0.604297 0.665278 0.124219 0.141667
51 0.474609 0.663889 0.130469 0.136111
51 0.341016 0.665972 0.128906 0.129167
51 0.214844 0.665278 0.129688 0.127778
51 0.075000 0.656944 0.150000 0.125000
49 0.943750 0.301389 0.103125 0.158333
49 0.824609 0.301389 0.125781 0.161111
49 0.690234 0.304167 0.138281 0.152778
49 0.533984 0.300694 0.130469 0.162500
49 0.396094 0.305556 0.137500 0.158333
47 0.105469 0.311111 0.132812 0.169444
52 0.961719 0.111111 0.076563 0.147222
44 0.843750 0.110417 0.121875 0.140278
11 0.726562 0.106944 0.110937 0.152778
10 0.578125 0.128472 0.112500 0.154167
10 0.453516 0.106944 0.116406 0.152778
10 0.312500 0.103472 0.126563 0.159722
10 0.181641 0.112500 0.102344 0.158333
