18 0.162891 0.175000 0.113281 0.116667
18 0.293359 0.179861 0.135156 0.123611
18 0.558203 0.183333 0.116406 0.125000
7 0.134375 0.412500 0.117188 0.163889
7 0.278516 0.414583 0.121094 0.173611
7 0.402734 0.410417 0.127344 0.168056
7 0.537109 0.415278 0.124219 0.177778
7 0.664062 0.415972 0.125000 0.170833
7 0.920313 0.413194 0.129688 0.156944
15 0.919141 0.618750 0.122656 0.184722
15 0.788672 0.621528 0.117969 0.170833
15 0.662891 0.615972 0.125781 0.179167
15 0.535547 0.613194 0.128906 0.173611
15 0.403906 0.613194 0.106250 0.170833
15 0.285937 0.610417 0.121875 0.179167
15 0.152344 0.609028 0.135937 0.173611
49 0.917578 0.879167 0.125781 0.200000
49 0.701563 0.894444 0.145313 0.200000
49 0.501562 0.893750 0.139062 0.204167
49 0.357031 0.895833 0.137500 0.208333
49 0.214844 0.897222 0.139062 0.197222
49 0.083984 0.898611 0.167969 0.200000
