22 0.946875 0.841667 0.087500 0.122222
22 0.842969 0.826389 0.118750 0.125000
22 0.707031 0.831250 0.131250 0.109722
22 0.572656 0.834722 0.137500 0.116667
22 0.431641 0.837500 0.144531 0.111111
22 0.248047 0.840278 0.128906 0.119444
22 0.207813 0.690278 0.118750 0.102778
22 0.335547 0.681944 0.114844 0.102778
22 0.459375 0.682639 0.132812 0.104167
22 0.588281 0.679861 0.121875 0.106944
22 0.703125 0.677778 0.107813 0.102778
22 0.834375 0.681250 0.123438 0.095833
12 0.539062 0.521528 0.131250 0.098611
12 0.407031 0.518750 0.131250 0.084722
12 0.279297 0.520833 0.133594 0.083333
12 0.149609 0.515972 0.128906 0.090278
13 0.683203 0.508333 0.133594 0.125000
13 0.816406 0.498611 0.131250 0.122222
13 0.933594 0.500694 0.095312 0.109722
24 0.933984 0.348611 0.100781 0.113889
24 0.799609 0.351389 0.144531 0.108333
24 0.653516 0.352778 0.147656 0.113889
24 0.495313 0.347917 0.142188 0.101389
24 0.346484 0.359028 0.144531 0.118056
24 0.200391 0.361111 0.142969 0.108333
17 0.938672 0.165972 0.092969 0.145833
17 0.815234 0.161111 0.141406 0.141667
17 0.686328 0.163889 0.132031 0.138889
17 0.550391 0.162500 0.141406 0.144444
17 0.412891 0.161111 0.141406 0.147222
17 0.274219 0.166667 0.146875 0.147222
16 0.131250 0.170139 0.135937 0.143056
