12 0.134375 0.494444 0.134375 0.111111
12 0.274219 0.493056 0.135937 0.100000
12 0.414453 0.497222 0.135156 0.108333
12 0.549219 0.494444 0.126563 0.108333
12 0.682422 0.490278 0.130469 0.116667
12 0.815625 0.495139 0.132812 0.087500
12 0.941797 0.499306 0.110156 0.112500
17 0.458984 0.209028 0.142969 0.126389
17 0.598828 0.210417 0.136719 0.129167
17 0.746484 0.210417 0.144531 0.126389
17 0.943359 0.208333 0.108594 0.127778
24 0.147656 0.611806 0.162500 0.120833
24 0.298438 0.609028 0.140625 0.120833
24 0.448047 0.611111 0.155469 0.113889
24 0.647656 0.368750 0.164062 0.131944
24 0.814062 0.371528 0.165625 0.145833
13 0.152344 0.375694 0.157813 0.112500
13 0.312500 0.378472 0.162500 0.112500
13 0.472656 0.375694 0.164062 0.112500
17 0.482812 0.786111 0.126563 0.152778
17 0.612891 0.784722 0.128906 0.166667
17 0.759375 0.791667 0.142188 0.166667
17 0.929688 0.797917 0.134375 0.187500
