15 0.566797 0.847222 0.144531 0.202778
7 0.912500 0.841667 0.142188 0.213889
7 0.402344 0.825694 0.125000 0.198611
7 0.261328 0.847917 0.141406 0.190278
7 0.250000 0.538889 0.131250 0.180556
7 0.400781 0.550000 0.129688 0.188889
7 0.601172 0.342361 0.132031 0.168056
7 0.439844 0.343056 0.123438 0.172222
7 0.309766 0.339583 0.133594 0.173611
7 0.734766 0.347222 0.125781 0.166667
19 0.882422 0.181250 0.125781 0.106944
19 0.754687 0.177083 0.123438 0.112500
19 0.625391 0.175694 0.130469 0.112500
19 0.503906 0.179861 0.110937 0.109722
19 0.380469 0.173611 0.128125 0.119444
19 0.262109 0.181250 0.103906 0.118056
19 0.158984 0.175000 0.096094 0.116667
20 0.891406 0.079167 0.132812 0.061111
20 0.758203 0.077083 0.133594 0.056944
20 0.540625 0.079167 0.125000 0.052778
20 0.405859 0.075000 0.138281 0.047222
20 0.171875 0.073611 0.129688 0.052778
7 0.883203 0.535417 0.127344 0.165278
7 0.695312 0.536806 0.132812 0.195833
7 0.873047 0.347222 0.132031 0.155556
