10 0.141016 0.201389 0.122656 0.194444
10 0.276172 0.187500 0.125781 0.205556
10 0.403125 0.196528 0.125000 0.170833
10 0.525391 0.189583 0.124219 0.190278
10 0.645703 0.182639 0.116406 0.193056
10 0.764063 0.190972 0.112500 0.187500
10 0.878516 0.193750 0.111719 0.181944
49 0.131641 0.420139 0.136719 0.201389
49 0.273047 0.412500 0.136719 0.208333
48 0.128906 0.596528 0.134375 0.165278
48 0.255859 0.593750 0.111719 0.156944
48 0.378516 0.590278 0.128906 0.163889
48 0.507422 0.585417 0.121094 0.154167
48 0.629687 0.573611 0.109375 0.141667
24 0.166406 0.784028 0.156250 0.190278
24 0.321094 0.776389 0.145313 0.180556
24 0.467578 0.770139 0.138281 0.168056
24 0.614844 0.783333 0.125000 0.200000
1 0.727344 0.792361 0.118750 0.154167
22 0.845703 0.797222 0.107031 0.163889
22 0.950781 0.788889 0.092188 0.152778
