48 0.459766 0.159028 0.083594 0.126389
48 0.379297 0.160417 0.077344 0.129167
48 0.298438 0.161111 0.084375 0.127778
48 0.219141 0.159722 0.077344 0.125000
48 0.141016 0.161806 0.092969 0.123611
48 0.059766 0.161111 0.091406 0.133333
9 0.717188 0.158333 0.079687 0.125000
9 0.638281 0.159722 0.078125 0.127778
9 0.555859 0.160417 0.086719 0.126389
51 0.946484 0.160417 0.072656 0.123611
51 0.871094 0.159722 0.078125 0.122222
51 0.795703 0.154861 0.072656 0.131944
37 0.922656 0.326389 0.065625 0.152778
37 0.857813 0.325694 0.064062 0.151389
37 0.789062 0.325000 0.060938 0.147222
30 0.720312 0.328472 0.075000 0.151389
30 0.649609 0.328472 0.066406 0.151389
35 0.308984 0.330556 0.069531 0.163889
35 0.241016 0.327083 0.066406 0.156944
33 0.447656 0.325694 0.070312 0.154167
33 0.378516 0.329861 0.067969 0.162500
52 0.168750 0.325694 0.075000 0.162500
52 0.095312 0.327778 0.071875 0.166667
29 0.255078 0.500000 0.064844 0.144444
29 0.187109 0.502083 0.071094 0.148611
29 0.116406 0.502778 0.070312 0.147222
36 0.321094 0.504167 0.068750 0.150000
36 0.391016 0.500694 0.069531 0.143056
36 0.457812 0.498611 0.067188 0.141667
37 0.812109 0.493750 0.067969 0.143056
37 0.735156 0.497917 0.085938 0.151389
32 0.952734 0.503472 0.060156 0.154167
32 0.878516 0.501389 0.066406 0.161111
17 0.771094 0.784028 0.092188 0.204167
49 0.498437 0.795139 0.100000 0.181944
49 0.400000 0.796528 0.081250 0.173611
49 0.311328 0.796528 0.080469 0.184722
49 0.219922 0.797222 0.089844 0.175000
49 0.123047 0.800694 0.100781 0.184722
37 0.062500 0.771528 0.103125 0.204167
41 0.445312 0.650694 0.493750 0.079167
