15 0.054297 0.145139 0.072656 0.131944
15 0.144531 0.139583 0.109375 0.129167
15 0.520312 0.112500 0.135937 0.169444
15 0.660156 0.114583 0.134375 0.176389
15 0.785547 0.115972 0.122656 0.187500
15 0.938281 0.123611 0.117188 0.183333
15 0.908594 0.311806 0.137500 0.193056
15 0.772266 0.322917 0.130469 0.176389
15 0.640234 0.320833 0.133594 0.175000
15 0.504687 0.319444 0.123438 0.172222
15 0.376953 0.318750 0.124219 0.159722
15 0.253516 0.320139 0.122656 0.165278
15 0.131250 0.322222 0.114063 0.163889
15 0.263281 0.506944 0.117188 0.172222
15 0.390625 0.498611 0.125000 0.175000
15 0.517187 0.500000 0.128125 0.183333
15 0.642969 0.499306 0.128125 0.170833
15 0.783984 0.495833 0.111719 0.183333
15 0.916016 0.502083 0.119531 0.181944
7 0.123047 0.507639 0.117969 0.165278
14 0.260547 0.150694 0.122656 0.115278
14 0.387109 0.142361 0.125781 0.126389
3 0.108594 0.891667 0.134375 0.138889
3 0.248047 0.887500 0.138281 0.158333
4 0.080859 0.696528 0.074219 0.176389
36 0.175000 0.684722 0.101562 0.161111
36 0.293359 0.686111 0.130469 0.175000
36 0.409375 0.684722 0.107813 0.177778
36 0.529688 0.683333 0.132812 0.169444
36 0.671484 0.679167 0.125781 0.177778
36 0.789453 0.679861 0.119531 0.179167
36 0.908984 0.679167 0.117969 0.166667
1 0.379297 0.879167 0.130469 0.150000
1 0.519141 0.882639 0.133594 0.170833
