23 0.423828 0.900000 0.161719 0.186111
48 0.462109 0.108333 0.144531 0.130556
49 0.752734 0.664583 0.160156 0.159722
49 0.110937 0.659028 0.137500 0.179167
49 0.821094 0.468056 0.151562 0.166667
49 0.504687 0.470833 0.159375 0.169444
11 0.347266 0.465972 0.139844 0.179167
11 0.204688 0.463194 0.145313 0.173611
11 0.097656 0.460417 0.114063 0.168056
45 0.889063 0.099306 0.154687 0.137500
45 0.739062 0.107639 0.139062 0.120833
45 0.610156 0.109722 0.118750 0.116667
45 0.359766 0.104167 0.063281 0.122222
45 0.266016 0.113889 0.116406 0.102778
45 0.146484 0.125000 0.125781 0.100000
46 0.639063 0.879167 0.146875 0.202778
46 0.285156 0.856250 0.109375 0.173611
51 0.692969 0.286806 0.120312 0.106944
51 0.538672 0.290972 0.150781 0.126389
51 0.391797 0.288194 0.142969 0.120833
51 0.244531 0.288194 0.151562 0.120833
51 0.092969 0.290278 0.151562 0.125000
