14 0.791016 0.117361 0.138281 0.123611
14 0.660937 0.110417 0.121875 0.109722
14 0.532031 0.112500 0.123438 0.105556
14 0.402734 0.109028 0.133594 0.112500
15 0.281250 0.100694 0.107813 0.131944
15 0.169922 0.100694 0.105469 0.120833
15 0.066016 0.101389 0.096094 0.127778
15 0.814844 0.270139 0.123438 0.170833
15 0.681250 0.268056 0.134375 0.169444
15 0.551562 0.273611 0.121875 0.163889
15 0.400391 0.272222 0.130469 0.169444
15 0.266016 0.275000 0.130469 0.172222
15 0.123047 0.275694 0.117969 0.165278
15 0.789062 0.460417 0.131250 0.170833
15 0.652734 0.461111 0.132031 0.163889
15 0.517187 0.459028 0.131250 0.165278
15 0.385156 0.457639 0.131250 0.168056
15 0.250000 0.460417 0.126563 0.168056
15 0.117578 0.456944 0.128906 0.169444
15 0.771484 0.640972 0.127344 0.162500
15 0.640234 0.643056 0.130469 0.150000
15 0.498047 0.638194 0.128906 0.170833
15 0.373047 0.638889 0.121094 0.172222
15 0.233594 0.647917 0.121875 0.159722
15 0.096094 0.644444 0.131250 0.152778
36 0.847266 0.886111 0.135156 0.183333
36 0.714844 0.884722 0.126563 0.172222
36 0.585156 0.888889 0.131250 0.175000
36 0.457031 0.850694 0.125000 0.187500
36 0.325000 0.845139 0.137500 0.184722
36 0.184375 0.841667 0.140625 0.186111
36 0.068750 0.818750 0.084375 0.137500
