46 0.512500 0.111111 0.114063 0.163889
46 0.650000 0.097222 0.120312 0.177778
46 0.775391 0.101389 0.107031 0.183333
46 0.900781 0.093056 0.120312 0.186111
45 0.369531 0.134028 0.121875 0.143056
45 0.248437 0.144444 0.120312 0.141667
27 0.135156 0.146528 0.109375 0.134722
27 0.040625 0.156250 0.073437 0.154167
52 0.129297 0.319444 0.099219 0.180556
30 0.232031 0.317361 0.098438 0.170833
11 0.349219 0.307639 0.123438 0.181944
11 0.469531 0.306944 0.110937 0.197222
34 0.581250 0.299306 0.109375 0.170833
35 0.692578 0.295139 0.116406 0.184722
35 0.798828 0.294444 0.094531 0.191667
27 0.919531 0.334028 0.139062 0.143056
42 0.181641 0.870139 0.155469 0.226389
42 0.336328 0.865278 0.149219 0.230556
42 0.483594 0.865278 0.148438 0.227778
42 0.635547 0.865972 0.155469 0.234722
42 0.792188 0.861806 0.142188 0.226389
42 0.931250 0.863194 0.131250 0.234722
45 0.068750 0.518750 0.093750 0.168056
45 0.171484 0.504167 0.114844 0.166667
48 0.291406 0.507639 0.114063 0.170833
48 0.408984 0.509722 0.130469 0.175000
48 0.525391 0.513889 0.124219 0.177778
48 0.657031 0.520139 0.134375 0.162500
48 0.810547 0.517361 0.128906 0.148611
48 0.936719 0.514583 0.123438 0.151389
48 0.889063 0.663194 0.129688 0.170833
48 0.769141 0.663889 0.122656 0.158333
48 0.643359 0.666667 0.124219 0.158333
48 0.528125 0.673611 0.118750 0.144444
48 0.407031 0.673611 0.126563 0.155556
48 0.282813 0.665972 0.115625 0.156944
48 0.167578 0.663889 0.114844 0.147222
48 0.067188 0.669444 0.093750 0.147222
