20 0.912891 0.212500 0.135156 0.055556
20 0.917188 0.155556 0.143750 0.058333
20 0.925000 0.095139 0.134375 0.059722
20 0.762109 0.102778 0.136719 0.072222
20 0.771484 0.159722 0.153906 0.052778
20 0.768750 0.207639 0.153125 0.045833
20 0.630469 0.213194 0.123438 0.043056
20 0.630469 0.164583 0.123438 0.054167
20 0.634766 0.106250 0.114844 0.062500
20 0.467969 0.113889 0.126563 0.061111
20 0.554688 0.110417 0.039062 0.062500
20 0.548437 0.170139 0.039062 0.054167
20 0.470703 0.213194 0.116406 0.043056
20 0.471484 0.167361 0.117969 0.048611
20 0.353516 0.112500 0.103906 0.052778
20 0.350000 0.160417 0.123438 0.056944
20 0.350000 0.210417 0.129688 0.045833
20 0.221484 0.100000 0.141406 0.063889
20 0.218359 0.162500 0.138281 0.052778
20 0.216406 0.211111 0.135937 0.050000
20 0.075391 0.097222 0.141406 0.066667
20 0.075781 0.154861 0.142188 0.056944
20 0.074219 0.211806 0.121875 0.054167
21 0.881250 0.361111 0.134375 0.152778
19 0.742969 0.381250 0.117188 0.109722
19 0.612500 0.375694 0.121875 0.104167
19 0.488281 0.374306 0.120312 0.095833
19 0.354688 0.377083 0.121875 0.104167
19 0.221094 0.375000 0.128125 0.100000
19 0.090625 0.376389 0.132812 0.102778
5 0.900391 0.706944 0.121094 0.166667
5 0.771875 0.698611 0.126563 0.155556
5 0.639063 0.700000 0.118750 0.161111
5 0.510938 0.698611 0.114063 0.161111
5 0.371484 0.695833 0.125781 0.155556
5 0.238281 0.696528 0.131250 0.154167
5 0.101953 0.693750 0.117969 0.176389
7 0.626172 0.527778 0.127344 0.161111
7 0.492578 0.525000 0.124219 0.161111
7 0.360547 0.522917 0.121094 0.168056
7 0.221094 0.516667 0.128125 0.161111
7 0.089844 0.515278 0.131250 0.161111
6 0.895703 0.529861 0.133594 0.162500
6 0.760938 0.529167 0.121875 0.163889
19 0.896875 0.903472 0.131250 0.126389
19 0.752734 0.897917 0.141406 0.129167
19 0.605078 0.900000 0.128906 0.127778
19 0.462891 0.896528 0.138281 0.123611
19 0.323438 0.898611 0.134375 0.127778
19 0.183203 0.897917 0.139844 0.129167
19 0.060547 0.895139 0.121094 0.126389
