20 0.084766 0.177778 0.138281 0.066667
20 0.223828 0.181944 0.136719 0.075000
20 0.360156 0.179167 0.135937 0.083333
20 0.087109 0.245139 0.142969 0.070833
20 0.228906 0.253472 0.131250 0.065278
20 0.366797 0.246528 0.141406 0.070833
19 0.503516 0.209028 0.124219 0.140278
19 0.641016 0.206250 0.138281 0.134722
19 0.782812 0.212500 0.142188 0.150000
19 0.916016 0.204861 0.139844 0.151389
21 0.705859 0.411806 0.135156 0.179167
21 0.801562 0.410417 0.051562 0.176389
21 0.882031 0.411806 0.139062 0.206944
23 0.042188 0.404861 0.064062 0.198611
23 0.143750 0.409028 0.142188 0.201389
23 0.286719 0.404167 0.154687 0.188889
23 0.404297 0.412500 0.080469 0.183333
23 0.514453 0.411806 0.135156 0.195833
23 0.603906 0.404167 0.060938 0.200000
7 0.082422 0.638194 0.102344 0.209722
7 0.204688 0.633333 0.142188 0.188889
7 0.380859 0.638889 0.138281 0.202778
5 0.493750 0.633333 0.085938 0.213889
5 0.626562 0.633333 0.095312 0.188889
5 0.708203 0.618750 0.085156 0.193056
5 0.819531 0.628472 0.132812 0.223611
5 0.936719 0.629167 0.109375 0.227778
4 0.116406 0.864583 0.139062 0.206944
4 0.233594 0.867361 0.090625 0.220833
4 0.321484 0.863194 0.119531 0.204167
49 0.465625 0.870139 0.145313 0.206944
40 0.751562 0.868750 0.135937 0.206944
40 0.884375 0.865278 0.134375 0.216667
