10 0.106250 0.821528 0.145313 0.187500
10 0.384375 0.779861 0.153125 0.190278
10 0.564062 0.742361 0.115625 0.168056
10 0.682813 0.769444 0.146875 0.172222
10 0.922656 0.815278 0.095312 0.191667
46 0.841016 0.107639 0.157031 0.156944
46 0.487109 0.116667 0.146094 0.175000
46 0.122656 0.110417 0.167187 0.204167
50 0.928125 0.265278 0.084375 0.066667
50 0.938281 0.332639 0.071875 0.059722
50 0.811328 0.269444 0.157031 0.072222
50 0.810547 0.330556 0.166406 0.052778
50 0.644141 0.270833 0.153906 0.075000
50 0.641016 0.334028 0.158594 0.070833
50 0.472656 0.267361 0.178125 0.062500
50 0.471875 0.332639 0.175000 0.073611
50 0.293359 0.270833 0.157031 0.063889
50 0.298828 0.338194 0.158594 0.059722
50 0.135156 0.265278 0.154687 0.069444
50 0.134375 0.336111 0.154687 0.066667
48 0.839844 0.420833 0.140625 0.116667
48 0.623047 0.416667 0.136719 0.091667
48 0.486328 0.413889 0.132031 0.097222
48 0.344922 0.420833 0.147656 0.097222
48 0.201172 0.418056 0.141406 0.100000
