16 0.128906 0.161806 0.121875 0.168056
17 0.913281 0.160417 0.120312 0.154167
17 0.785937 0.159028 0.134375 0.151389
17 0.658594 0.154167 0.123438 0.166667
17 0.530469 0.156944 0.132812 0.172222
17 0.396875 0.162500 0.134375 0.161111
17 0.262500 0.167361 0.134375 0.170833
24 0.903516 0.347222 0.128906 0.130556
24 0.763672 0.347222 0.150781 0.130556
24 0.618750 0.345139 0.139062 0.134722
24 0.477734 0.346528 0.142969 0.137500
24 0.334375 0.343750 0.143750 0.143056
24 0.192188 0.349306 0.140625 0.154167
22 0.086328 0.368056 0.063281 0.116667
22 0.901172 0.680556 0.113281 0.122222
22 0.785156 0.681250 0.118750 0.123611
22 0.668359 0.684028 0.114844 0.118056
22 0.550391 0.681250 0.121094 0.112500
22 0.431641 0.683333 0.116406 0.108333
22 0.318750 0.686111 0.109375 0.113889
22 0.205859 0.688194 0.116406 0.109722
22 0.120703 0.675000 0.053906 0.083333
22 0.101953 0.816667 0.053906 0.122222
22 0.161328 0.825000 0.060156 0.125000
22 0.253125 0.843750 0.123438 0.148611
22 0.419922 0.847917 0.125781 0.129167
22 0.550000 0.832639 0.125000 0.143056
22 0.677344 0.823611 0.117188 0.155556
22 0.800781 0.834722 0.112500 0.144444
22 0.919922 0.845139 0.119531 0.129167
37 0.511719 0.520139 0.128125 0.112500
37 0.387500 0.523611 0.120312 0.119444
37 0.265625 0.531250 0.123438 0.104167
37 0.146484 0.530556 0.114844 0.102778
13 0.899219 0.502778 0.132812 0.136111
13 0.773828 0.496528 0.119531 0.123611
13 0.648828 0.495139 0.130469 0.126389
37 0.817187 0.593750 0.295312 0.054167
37 0.528125 0.597917 0.282813 0.062500
37 0.228906 0.602778 0.315625 0.052778
