10 0.632812 0.786806 0.100000 0.254167
10 0.734375 0.788889 0.101562 0.258333
9 0.535156 0.815278 0.100000 0.191667
49 0.131641 0.781944 0.099219 0.233333
49 0.242578 0.781944 0.100781 0.241667
49 0.344922 0.787500 0.096094 0.244444
49 0.439453 0.781944 0.096094 0.241667
45 0.515625 0.540972 0.095312 0.162500
45 0.609766 0.543056 0.091406 0.166667
45 0.697656 0.537500 0.079687 0.155556
46 0.130078 0.511111 0.100781 0.208333
46 0.221875 0.511806 0.081250 0.215278
46 0.310156 0.509028 0.090625 0.201389
46 0.402734 0.511111 0.092969 0.208333
27 0.114844 0.313889 0.098438 0.152778
27 0.199609 0.309028 0.074219 0.162500
27 0.282422 0.313889 0.089844 0.155556
27 0.370703 0.309028 0.082031 0.162500
52 0.450000 0.279167 0.075000 0.200000
52 0.528906 0.277083 0.082813 0.204167
11 0.617188 0.281250 0.089062 0.195833
11 0.713281 0.279167 0.098438 0.200000
