15 0.594922 0.721528 0.100781 0.218056
15 0.695703 0.720833 0.094531 0.236111
15 0.789844 0.714583 0.090625 0.223611
15 0.906641 0.743056 0.060156 0.236111
15 0.972266 0.755556 0.053906 0.250000
41 0.269531 0.637500 0.528125 0.111111
10 0.948438 0.386806 0.095312 0.226389
10 0.862109 0.386111 0.103906 0.219444
10 0.720703 0.389583 0.096094 0.226389
46 0.616797 0.384028 0.099219 0.229167
46 0.536719 0.390278 0.081250 0.219444
46 0.443750 0.390278 0.095312 0.222222
49 0.351562 0.409028 0.089062 0.198611
49 0.265234 0.404861 0.083594 0.190278
39 0.271875 0.153472 0.087500 0.184722
39 0.181641 0.148611 0.096094 0.175000
39 0.090234 0.149306 0.086719 0.173611
39 0.024219 0.152083 0.048437 0.179167
37 0.381250 0.156250 0.092188 0.159722
26 0.475391 0.154167 0.089844 0.161111
26 0.572266 0.161111 0.097656 0.158333
26 0.709766 0.161806 0.097656 0.154167
26 0.815234 0.156250 0.105469 0.170833
