46 0.443359 0.181944 0.119531 0.166667
46 0.316016 0.181250 0.121094 0.151389
46 0.193359 0.179167 0.122656 0.141667
46 0.072656 0.178472 0.112500 0.137500
45 0.933203 0.214583 0.121094 0.106944
45 0.807422 0.218750 0.125781 0.123611
45 0.685938 0.210417 0.117188 0.109722
45 0.566406 0.209722 0.121875 0.111111
27 0.731641 0.370833 0.119531 0.116667
30 0.614062 0.344444 0.114063 0.125000
52 0.506641 0.343750 0.097656 0.140278
33 0.391406 0.343750 0.109375 0.134722
33 0.279297 0.347222 0.105469 0.138889
47 0.145313 0.343750 0.131250 0.115278
50 0.926953 0.513194 0.121094 0.059722
50 0.918359 0.454861 0.103906 0.056944
50 0.805078 0.510417 0.121094 0.051389
51 0.686719 0.484028 0.118750 0.112500
19 0.717188 0.643750 0.125000 0.106944
19 0.548828 0.643750 0.132031 0.118056
19 0.420703 0.647917 0.133594 0.115278
19 0.287891 0.647917 0.117969 0.123611
19 0.152734 0.646528 0.125781 0.112500
51 0.351562 0.452778 0.090625 0.077778
51 0.284375 0.456250 0.034375 0.076389
51 0.216797 0.449306 0.092969 0.084722
20 0.918750 0.677083 0.139062 0.051389
20 0.911719 0.618750 0.125000 0.065278
22 0.049219 0.644444 0.081250 0.111111
5 0.553516 0.799306 0.128906 0.156944
5 0.425781 0.800694 0.123438 0.162500
5 0.289062 0.802083 0.112500 0.170833
7 0.169531 0.786111 0.101562 0.144444
36 0.799219 0.800694 0.135937 0.168056
4 0.937500 0.796528 0.120312 0.187500
32 0.051953 0.799306 0.096094 0.176389
