19 0.100781 0.071528 0.132812 0.120833
19 0.233984 0.069444 0.133594 0.116667
19 0.361719 0.068750 0.104687 0.106944
19 0.480078 0.063194 0.127344 0.106944
19 0.611719 0.068750 0.126563 0.106944
19 0.737500 0.071528 0.112500 0.101389
19 0.858203 0.071528 0.128906 0.115278
20 0.129297 0.181250 0.119531 0.076389
20 0.116406 0.234722 0.118750 0.041667
20 0.115234 0.288194 0.128906 0.065278
20 0.247656 0.179861 0.109375 0.068056
20 0.246094 0.237500 0.121875 0.052778
20 0.244922 0.293750 0.124219 0.062500
20 0.365234 0.175000 0.121094 0.080556
20 0.368750 0.232639 0.123438 0.056944
20 0.364844 0.289583 0.110937 0.073611
20 0.485938 0.181250 0.115625 0.076389
20 0.486719 0.236111 0.120312 0.050000
20 0.483203 0.287500 0.127344 0.063889
20 0.611719 0.173611 0.125000 0.080556
20 0.607031 0.236111 0.129688 0.044444
20 0.605469 0.284028 0.120312 0.065278
21 0.745703 0.227083 0.114844 0.184722
21 0.875391 0.222917 0.146094 0.193056
7 0.113281 0.447917 0.131250 0.195833
7 0.247266 0.438889 0.127344 0.188889
7 0.373828 0.441667 0.111719 0.197222
5 0.501562 0.434722 0.135937 0.183333
5 0.635938 0.427083 0.129688 0.184722
4 0.758984 0.434028 0.108594 0.193056
36 0.894141 0.435417 0.136719 0.204167
36 0.121875 0.638889 0.117188 0.175000
36 0.244141 0.638194 0.121094 0.176389
36 0.360938 0.643056 0.110937 0.194444
29 0.569141 0.640278 0.107031 0.172222
37 0.690234 0.632639 0.102344 0.176389
37 0.792969 0.630556 0.092188 0.180556
37 0.915625 0.634028 0.117188 0.193056
11 0.136719 0.872222 0.145313 0.211111
52 0.274609 0.844444 0.111719 0.225000
30 0.390625 0.852083 0.117188 0.243056
33 0.635547 0.852778 0.108594 0.241667
35 0.512891 0.850000 0.119531 0.250000
34 0.759375 0.855556 0.135937 0.261111
37 0.907812 0.857639 0.151562 0.254167
