10 0.105078 0.175000 0.166406 0.138889
10 0.263281 0.168750 0.146875 0.131944
10 0.407031 0.168056 0.146875 0.116667
10 0.554297 0.181250 0.141406 0.134722
10 0.687891 0.180556 0.138281 0.138889
10 0.823438 0.177083 0.126563 0.134722
10 0.925000 0.172222 0.079687 0.122222
49 0.098438 0.311806 0.170312 0.126389
49 0.266797 0.303472 0.167969 0.126389
49 0.435547 0.302083 0.135156 0.123611
49 0.560156 0.296528 0.115625 0.129167
49 0.658594 0.290972 0.071875 0.123611
49 0.786328 0.280556 0.097656 0.113889
48 0.108984 0.429167 0.196094 0.097222
48 0.262109 0.417361 0.107031 0.098611
48 0.388281 0.411111 0.145313 0.111111
48 0.540234 0.420833 0.147656 0.091667
48 0.708594 0.410417 0.162500 0.093056
48 0.827734 0.405556 0.071094 0.086111
24 0.153125 0.540278 0.184375 0.133333
24 0.331641 0.537500 0.166406 0.119444
24 0.500000 0.538889 0.170312 0.130556
24 0.659766 0.531250 0.121094 0.134722
1 0.782812 0.549306 0.126563 0.081944
22 0.905078 0.550000 0.113281 0.105556
15 0.079297 0.675694 0.155469 0.159722
15 0.237891 0.674306 0.180469 0.165278
15 0.392969 0.661806 0.148438 0.151389
