10 0.089453 0.268056 0.107031 0.116667
10 0.183984 0.262500 0.092969 0.127778
10 0.280469 0.265972 0.089062 0.118056
10 0.367578 0.263194 0.089844 0.118056
9 0.459766 0.271528 0.094531 0.115278
9 0.526953 0.291667 0.050781 0.066667
9 0.592188 0.273611 0.076563 0.102778
9 0.667188 0.284028 0.076563 0.118056
9 0.733203 0.277083 0.058594 0.112500
9 0.773047 0.270139 0.042969 0.104167
9 0.840234 0.276389 0.085156 0.100000
27 0.939844 0.273611 0.092188 0.111111
35 0.124219 0.434722 0.087500 0.144444
33 0.203906 0.431250 0.071875 0.145833
52 0.275781 0.430556 0.070312 0.147222
11 0.400000 0.437500 0.079687 0.136111
11 0.496094 0.436806 0.062500 0.126389
11 0.560547 0.431250 0.063281 0.134722
7 0.629687 0.422222 0.068750 0.136111
7 0.704687 0.429861 0.075000 0.143056
30 0.800000 0.437500 0.071875 0.150000
30 0.862891 0.442361 0.049219 0.148611
44 0.268750 0.607639 0.075000 0.129167
44 0.350391 0.605556 0.085156 0.133333
36 0.564453 0.606250 0.077344 0.109722
36 0.646094 0.600000 0.068750 0.102778
36 0.717188 0.597917 0.068750 0.098611
1 0.862109 0.606250 0.096094 0.109722
1 0.946484 0.604167 0.072656 0.113889
24 0.064453 0.769444 0.077344 0.116667
24 0.241797 0.768750 0.102344 0.115278
24 0.375391 0.756250 0.089844 0.093056
24 0.467969 0.765278 0.090625 0.113889
22 0.557031 0.770139 0.081250 0.120833
22 0.642969 0.763194 0.087500 0.118056
22 0.751172 0.771528 0.080469 0.126389
22 0.814844 0.755556 0.046875 0.097222
22 0.870313 0.741667 0.073437 0.086111
22 0.942187 0.744444 0.071875 0.083333
22 0.084766 0.916667 0.080469 0.105556
22 0.169141 0.910417 0.074219 0.090278
22 0.251172 0.908333 0.071094 0.080556
22 0.342187 0.920833 0.092188 0.122222
22 0.426953 0.905556 0.061719 0.080556
22 0.501562 0.909722 0.075000 0.083333
22 0.630078 0.891667 0.055469 0.052778
22 0.711328 0.898611 0.072656 0.061111
22 0.791016 0.895833 0.063281 0.088889
22 0.867188 0.904861 0.068750 0.076389
