51 0.082813 0.097222 0.085938 0.111111
51 0.172656 0.101389 0.092188 0.119444
51 0.258984 0.100000 0.080469 0.116667
20 0.349219 0.122917 0.095312 0.070833
20 0.444531 0.122222 0.096875 0.080556
27 0.580469 0.105556 0.100000 0.111111
27 0.676172 0.105556 0.091406 0.116667
49 0.099609 0.247222 0.078906 0.155556
49 0.182031 0.238194 0.079687 0.154167
49 0.268750 0.241667 0.087500 0.161111
49 0.360938 0.230556 0.092188 0.147222
49 0.108594 0.820833 0.100000 0.166667
49 0.196094 0.800000 0.084375 0.161111
49 0.283984 0.801389 0.089844 0.169444
49 0.371094 0.800000 0.081250 0.180556
49 0.461328 0.791667 0.108594 0.166667
49 0.552344 0.812500 0.081250 0.200000
49 0.623828 0.804861 0.061719 0.204167
10 0.478906 0.396528 0.085938 0.154167
10 0.563281 0.399306 0.089062 0.165278
10 0.653125 0.394444 0.084375 0.169444
37 0.092578 0.389583 0.075781 0.148611
52 0.169531 0.395833 0.065625 0.147222
11 0.245703 0.394444 0.077344 0.144444
11 0.327734 0.402083 0.064844 0.151389
11 0.400781 0.395139 0.064062 0.148611
9 0.093750 0.602083 0.079687 0.129167
9 0.176563 0.603472 0.085938 0.154167
9 0.258203 0.590972 0.071094 0.137500
9 0.330078 0.581250 0.069531 0.156944
45 0.408594 0.597222 0.090625 0.150000
45 0.498437 0.586111 0.089062 0.166667
45 0.576953 0.600694 0.075781 0.126389
29 0.662500 0.597917 0.075000 0.154167
47 0.454688 0.234722 0.089062 0.152778
47 0.541016 0.235417 0.089844 0.156944
47 0.642969 0.240972 0.109375 0.156944
