13 0.091016 0.391667 0.167969 0.116667
13 0.267578 0.395833 0.169531 0.108333
13 0.444922 0.396528 0.174219 0.109722
23 0.936328 0.386806 0.105469 0.140278
23 0.078906 0.217361 0.153125 0.156944
24 0.792578 0.398611 0.167969 0.108333
24 0.620313 0.395833 0.165625 0.108333
17 0.940625 0.215972 0.101562 0.143056
17 0.848828 0.218750 0.080469 0.148611
17 0.732813 0.212500 0.150000 0.144444
17 0.578906 0.213889 0.151562 0.133333
17 0.421875 0.216667 0.153125 0.152778
17 0.923437 0.827778 0.126563 0.175000
17 0.740625 0.825000 0.148438 0.150000
17 0.589063 0.818750 0.135937 0.168056
17 0.455859 0.818750 0.124219 0.151389
22 0.078125 0.519444 0.146875 0.111111
22 0.226562 0.522917 0.140625 0.109722
22 0.371875 0.521528 0.143750 0.112500
22 0.514453 0.518056 0.138281 0.113889
22 0.658203 0.513889 0.144531 0.119444
22 0.801562 0.511806 0.139062 0.112500
22 0.930078 0.513194 0.110156 0.120833
24 0.415234 0.634028 0.160156 0.118056
24 0.266016 0.626389 0.136719 0.108333
24 0.104687 0.619444 0.185937 0.094444
16 0.282422 0.827083 0.155469 0.159722
