45 0.935156 0.164583 0.117188 0.123611
45 0.812109 0.164583 0.119531 0.109722
45 0.691406 0.161806 0.121875 0.115278
45 0.570312 0.168056 0.115625 0.119444
46 0.448438 0.130556 0.125000 0.188889
46 0.320312 0.134028 0.123438 0.184722
46 0.193359 0.131944 0.124219 0.166667
46 0.069531 0.130556 0.121875 0.169444
47 0.148047 0.325694 0.141406 0.134722
47 0.043750 0.320833 0.068750 0.138889
33 0.391406 0.320139 0.107813 0.156944
33 0.279297 0.322222 0.108594 0.150000
52 0.503516 0.321528 0.100781 0.156944
30 0.609375 0.318750 0.109375 0.154167
27 0.726562 0.338889 0.121875 0.122222
51 0.676172 0.476389 0.122656 0.119444
50 0.799219 0.499306 0.123438 0.073611
50 0.928125 0.502778 0.126563 0.080556
20 0.905078 0.625694 0.132031 0.081944
20 0.913281 0.695833 0.128125 0.058333
19 0.703516 0.653472 0.130469 0.126389
19 0.535937 0.654861 0.126563 0.134722
19 0.409375 0.657639 0.118750 0.123611
19 0.278125 0.657639 0.121875 0.120833
19 0.147266 0.656250 0.116406 0.120833
22 0.042969 0.656944 0.075000 0.125000
4 0.927344 0.827778 0.118750 0.191667
36 0.782812 0.832639 0.131250 0.181944
5 0.537500 0.825694 0.123438 0.181944
5 0.412891 0.831250 0.125781 0.193056
5 0.278516 0.827083 0.116406 0.184722
32 0.048047 0.820833 0.091406 0.191667
