39 0.727344 0.251389 0.137500 0.138889
39 0.583203 0.248611 0.141406 0.138889
39 0.287109 0.259722 0.128906 0.136111
39 0.155469 0.259028 0.126563 0.143056
37 0.418750 0.256250 0.131250 0.129167
51 0.896484 0.422222 0.164844 0.102778
51 0.780469 0.421528 0.067188 0.101389
51 0.674609 0.414583 0.144531 0.115278
19 0.534766 0.413889 0.130469 0.108333
19 0.392188 0.413889 0.121875 0.100000
19 0.286719 0.415972 0.089062 0.104167
19 0.182031 0.420139 0.121875 0.106944
19 0.068359 0.429167 0.102344 0.088889
7 0.697266 0.568750 0.150781 0.184722
7 0.540625 0.572222 0.157813 0.175000
7 0.380469 0.578472 0.145313 0.173611
7 0.221484 0.567361 0.127344 0.148611
5 0.082813 0.562500 0.134375 0.147222
43 0.871875 0.586806 0.196875 0.168056
43 0.845703 0.737500 0.130469 0.127778
43 0.702734 0.738194 0.152344 0.131944
43 0.466797 0.725000 0.142969 0.108333
43 0.689453 0.897222 0.174219 0.141667
43 0.887891 0.905556 0.222656 0.158333
37 0.115625 0.711111 0.206250 0.047222
37 0.207422 0.772917 0.403906 0.079167
37 0.121094 0.914583 0.235938 0.084722
37 0.223438 0.870833 0.140625 0.108333
