34 0.097656 0.104861 0.106250 0.173611
31 0.948828 0.108333 0.097656 0.163889
31 0.854297 0.108333 0.091406 0.163889
31 0.807031 0.109722 0.040625 0.155556
31 0.728516 0.110417 0.111719 0.156944
31 0.623828 0.110417 0.097656 0.156944
31 0.519141 0.111806 0.111719 0.154167
31 0.409375 0.113194 0.107813 0.156944
31 0.306250 0.116667 0.098438 0.150000
31 0.203516 0.115278 0.107031 0.147222
10 0.934766 0.288889 0.128906 0.191667
10 0.806250 0.290278 0.128125 0.183333
10 0.680469 0.289583 0.118750 0.190278
10 0.555078 0.288194 0.121094 0.193056
10 0.430469 0.295139 0.123438 0.193056
10 0.308984 0.292361 0.103906 0.187500
10 0.180859 0.295833 0.117969 0.188889
37 0.880078 0.615972 0.127344 0.165278
37 0.762109 0.615278 0.108594 0.161111
37 0.646484 0.618056 0.122656 0.155556
36 0.299219 0.563194 0.084375 0.062500
36 0.158594 0.559028 0.084375 0.062500
36 0.070312 0.551389 0.082813 0.080556
48 0.616016 0.449306 0.116406 0.123611
48 0.505859 0.450694 0.108594 0.115278
48 0.395703 0.445139 0.114844 0.137500
48 0.285547 0.443056 0.105469 0.133333
48 0.176563 0.450000 0.112500 0.119444
48 0.068750 0.452778 0.103125 0.125000
37 0.734375 0.819444 0.173438 0.238889
23 0.528516 0.772917 0.080469 0.129167
23 0.416406 0.761111 0.109375 0.155556
23 0.243359 0.706944 0.102344 0.175000
23 0.137109 0.708333 0.110156 0.177778
