52 0.085156 0.199306 0.107813 0.129167
10 0.213281 0.201389 0.135937 0.122222
10 0.337109 0.199306 0.105469 0.118056
33 0.458594 0.202778 0.135937 0.116667
33 0.596875 0.204861 0.135937 0.118056
33 0.727734 0.195139 0.124219 0.109722
33 0.842969 0.197917 0.106250 0.126389
48 0.822656 0.362500 0.153125 0.094444
48 0.669531 0.362500 0.154687 0.094444
11 0.498047 0.340972 0.133594 0.134722
11 0.358984 0.347222 0.142969 0.133333
27 0.206641 0.362500 0.144531 0.097222
27 0.085938 0.365278 0.096875 0.102778
50 0.079297 0.478472 0.088281 0.065278
50 0.179297 0.472222 0.110156 0.069444
50 0.310547 0.475000 0.149219 0.063889
50 0.462109 0.475000 0.155469 0.083333
50 0.617578 0.477778 0.147656 0.066667
50 0.750391 0.472222 0.107031 0.069444
50 0.846094 0.475000 0.096875 0.069444
36 0.073828 0.602083 0.085156 0.151389
36 0.180469 0.598611 0.129688 0.147222
22 0.326172 0.614583 0.147656 0.115278
22 0.503125 0.613194 0.159375 0.112500
19 0.717578 0.606250 0.164844 0.126389
19 0.851562 0.606944 0.103125 0.125000
15 0.076953 0.784722 0.097656 0.177778
15 0.191797 0.786806 0.125781 0.181944
15 0.367969 0.799306 0.139062 0.168056
15 0.539453 0.803472 0.157031 0.162500
16 0.707422 0.809722 0.164844 0.169444
16 0.856250 0.808333 0.110937 0.177778
