19 0.121094 0.154167 0.128125 0.113889
19 0.249609 0.146528 0.132031 0.118056
19 0.384375 0.156944 0.125000 0.119444
19 0.521094 0.156944 0.137500 0.108333
19 0.653125 0.165278 0.135937 0.113889
19 0.789453 0.154861 0.135156 0.109722
19 0.935938 0.169444 0.106250 0.108333
20 0.192969 0.315972 0.131250 0.073611
20 0.195703 0.370139 0.136719 0.051389
20 0.351953 0.322222 0.149219 0.061111
20 0.357031 0.371528 0.139062 0.062500
20 0.495703 0.318750 0.119531 0.062500
20 0.495313 0.374306 0.121875 0.059722
21 0.630859 0.318750 0.102344 0.156944
21 0.750391 0.318750 0.121094 0.159722
21 0.892969 0.315278 0.118750 0.172222
