29 0.932813 0.593750 0.117188 0.148611
11 0.524219 0.386111 0.117188 0.155556
11 0.430469 0.387500 0.092188 0.155556
11 0.294922 0.390278 0.132031 0.152778
52 0.171484 0.393056 0.113281 0.155556
52 0.058203 0.390278 0.113281 0.150000
49 0.776563 0.840278 0.137500 0.177778
49 0.629297 0.816667 0.117969 0.163889
49 0.484375 0.829861 0.148438 0.165278
49 0.342578 0.833333 0.124219 0.183333
49 0.207422 0.818750 0.122656 0.173611
49 0.077344 0.834028 0.126563 0.179167
10 0.917969 0.390972 0.137500 0.159722
10 0.784766 0.388889 0.135156 0.150000
10 0.654688 0.393056 0.126563 0.161111
9 0.419141 0.598611 0.103906 0.138889
9 0.306250 0.597222 0.121875 0.136111
9 0.179297 0.605556 0.132031 0.119444
9 0.058594 0.606944 0.117188 0.127778
45 0.805859 0.602778 0.132031 0.122222
45 0.674219 0.605556 0.131250 0.127778
45 0.541797 0.605556 0.133594 0.127778
49 0.474219 0.225000 0.125000 0.155556
49 0.341016 0.222222 0.124219 0.155556
49 0.203906 0.225694 0.129688 0.140278
49 0.082422 0.229167 0.113281 0.147222
47 0.896484 0.231944 0.128906 0.125000
47 0.748438 0.234722 0.103125 0.125000
47 0.614062 0.235417 0.134375 0.129167
27 0.922266 0.089583 0.124219 0.095833
27 0.790625 0.090972 0.129688 0.104167
50 0.595312 0.118750 0.150000 0.056944
50 0.614844 0.067361 0.131250 0.056944
50 0.513281 0.063889 0.071875 0.050000
50 0.430078 0.063194 0.096094 0.056944
50 0.451172 0.113889 0.133594 0.055556
51 0.319531 0.091667 0.120312 0.111111
51 0.194531 0.090278 0.129688 0.108333
51 0.065625 0.091667 0.131250 0.105556
