10 0.536328 0.065972 0.060156 0.106944
10 0.474219 0.063889 0.059375 0.102778
10 0.403516 0.065972 0.082031 0.106944
10 0.596094 0.061806 0.054688 0.109722
9 0.914062 0.083333 0.054688 0.088889
9 0.801953 0.072917 0.052344 0.081944
9 0.744531 0.075000 0.062500 0.086111
9 0.657031 0.072222 0.054688 0.088889
30 0.929297 0.197917 0.042969 0.104167
30 0.891016 0.197917 0.047656 0.109722
7 0.831641 0.188194 0.046094 0.101389
7 0.783203 0.193750 0.050781 0.115278
11 0.691406 0.192361 0.039062 0.109722
11 0.617188 0.197222 0.053125 0.113889
52 0.534766 0.200000 0.053906 0.113889
33 0.480469 0.201389 0.053125 0.113889
34 0.364844 0.200000 0.057813 0.122222
35 0.423047 0.190972 0.055469 0.129167
1 0.929688 0.322222 0.056250 0.077778
1 0.881250 0.316667 0.039062 0.061111
36 0.836719 0.325694 0.048437 0.070833
36 0.786719 0.328472 0.051562 0.076389
36 0.731641 0.324306 0.057031 0.087500
44 0.643359 0.331250 0.055469 0.098611
44 0.576953 0.331944 0.049219 0.100000
44 0.528906 0.329167 0.056250 0.102778
22 0.846094 0.452083 0.056250 0.095833
22 0.771875 0.452083 0.054688 0.095833
22 0.714844 0.451389 0.059375 0.094444
24 0.600781 0.445139 0.059375 0.073611
24 0.507422 0.450694 0.074219 0.090278
19 0.569531 0.568750 0.064062 0.090278
19 0.401953 0.571528 0.060156 0.081944
2 0.439844 0.723611 0.101562 0.166667
2 0.650000 0.740278 0.084375 0.127778
37 0.569141 0.734028 0.071094 0.154167
37 0.528125 0.729167 0.067188 0.163889
42 0.798437 0.725000 0.073437 0.155556
