39 0.066016 0.119444 0.086719 0.219444
39 0.162500 0.119444 0.098438 0.230556
39 0.258594 0.123611 0.090625 0.233333
37 0.362891 0.122222 0.102344 0.233333
26 0.809766 0.124306 0.105469 0.240278
26 0.705469 0.119444 0.103125 0.230556
26 0.558984 0.123611 0.097656 0.238889
26 0.463672 0.118056 0.092969 0.227778
45 0.612109 0.434722 0.103906 0.297222
10 0.716406 0.438889 0.100000 0.305556
10 0.862109 0.432639 0.111719 0.298611
15 0.783203 0.852083 0.078906 0.270833
15 0.696875 0.855556 0.082813 0.275000
15 0.599609 0.850694 0.080469 0.270833
15 0.905078 0.873611 0.080469 0.241667
41 0.272656 0.757639 0.545313 0.112500
