53 0.514063 0.200694 0.071875 0.123611
53 0.611328 0.194444 0.119531 0.133333
53 0.723437 0.201389 0.093750 0.130556
53 0.837891 0.190278 0.138281 0.127778
53 0.953516 0.194444 0.088281 0.138889
37 0.834375 0.345833 0.109375 0.125000
37 0.709766 0.343750 0.121094 0.129167
37 0.616406 0.344444 0.067188 0.122222
37 0.516016 0.338194 0.124219 0.131944
37 0.400391 0.347917 0.108594 0.123611
37 0.246484 0.345139 0.124219 0.126389
37 0.113281 0.342361 0.139062 0.126389
0 0.660547 0.488889 0.117969 0.136111
0 0.521484 0.488889 0.136719 0.130556
0 0.378516 0.488194 0.142969 0.129167
0 0.233203 0.488889 0.138281 0.141667
0 0.087891 0.489583 0.149219 0.134722
8 0.937500 0.643056 0.110937 0.133333
8 0.820312 0.640972 0.123438 0.120833
25 0.692969 0.644444 0.121875 0.144444
25 0.568750 0.646528 0.118750 0.143056
25 0.438281 0.641667 0.131250 0.138889
25 0.311719 0.640972 0.120312 0.143056
25 0.231250 0.641667 0.101562 0.138889
25 0.145313 0.639583 0.093750 0.143056
40 0.765234 0.797917 0.138281 0.156944
40 0.848047 0.782639 0.057031 0.131944
40 0.884766 0.764583 0.039844 0.104167
40 0.623828 0.803472 0.138281 0.145833
40 0.515234 0.795139 0.082031 0.129167
40 0.401953 0.784722 0.125781 0.138889
40 0.264453 0.781944 0.139844 0.136111
40 0.161719 0.790278 0.075000 0.150000
40 0.077344 0.813889 0.154687 0.152778
