1 0.118359 0.091667 0.124219 0.119444
1 0.247656 0.084028 0.121875 0.109722
1 0.377734 0.079167 0.119531 0.127778
15 0.493359 0.086111 0.097656 0.130556
15 0.605078 0.086111 0.107031 0.150000
15 0.713672 0.084722 0.099219 0.152778
15 0.822266 0.091667 0.102344 0.130556
15 0.169531 0.250694 0.104687 0.154167
15 0.295312 0.245139 0.132812 0.151389
15 0.434375 0.247222 0.109375 0.158333
15 0.559375 0.250000 0.120312 0.158333
15 0.686719 0.248611 0.118750 0.155556
15 0.803516 0.252083 0.100781 0.151389
15 0.162500 0.421528 0.118750 0.162500
15 0.298828 0.414583 0.105469 0.154167
15 0.421484 0.415972 0.127344 0.165278
15 0.556250 0.425694 0.115625 0.154167
15 0.685938 0.432639 0.110937 0.151389
15 0.807422 0.427083 0.105469 0.165278
15 0.168750 0.603472 0.112500 0.140278
15 0.296484 0.600694 0.116406 0.137500
15 0.425000 0.600694 0.115625 0.159722
15 0.549609 0.601389 0.107031 0.163889
15 0.676562 0.597917 0.117188 0.151389
15 0.801953 0.606944 0.110156 0.147222
36 0.087109 0.799306 0.083594 0.179167
36 0.188281 0.799306 0.107813 0.179167
36 0.303125 0.796528 0.126563 0.179167
36 0.433594 0.794444 0.126563 0.183333
36 0.569141 0.804861 0.132031 0.193056
36 0.706250 0.803472 0.134375 0.209722
36 0.841406 0.795139 0.128125 0.193056
