36 0.875391 0.888889 0.142969 0.158333
36 0.737891 0.879167 0.141406 0.194444
36 0.602344 0.885417 0.134375 0.190278
36 0.471094 0.861806 0.139062 0.195833
36 0.328516 0.859722 0.147656 0.188889
36 0.185156 0.861806 0.139062 0.179167
15 0.793359 0.647917 0.139844 0.179167
15 0.651563 0.649306 0.135937 0.168056
15 0.512109 0.650694 0.144531 0.168056
15 0.375000 0.650000 0.128125 0.166667
15 0.233984 0.649306 0.121094 0.165278
15 0.089844 0.645139 0.139062 0.162500
15 0.108984 0.455556 0.127344 0.158333
15 0.247656 0.461111 0.132812 0.161111
15 0.389062 0.465278 0.132812 0.169444
15 0.524609 0.461806 0.130469 0.156944
15 0.667188 0.458333 0.131250 0.152778
15 0.808984 0.461806 0.142969 0.162500
15 0.836328 0.265278 0.132031 0.172222
15 0.694141 0.263194 0.142969 0.162500
15 0.558203 0.270833 0.125781 0.163889
15 0.403125 0.270833 0.129688 0.169444
15 0.267969 0.268750 0.129688 0.176389
15 0.126172 0.270833 0.132031 0.161111
15 0.283203 0.089583 0.107031 0.118056
15 0.170312 0.091667 0.115625 0.116667
15 0.062891 0.085417 0.089844 0.129167
14 0.807813 0.109028 0.140625 0.118056
14 0.671875 0.105556 0.126563 0.091667
14 0.539062 0.098611 0.139062 0.105556
14 0.404687 0.100000 0.129688 0.108333
