23 0.905469 0.745833 0.084375 0.161111
23 0.728125 0.755556 0.060938 0.147222
23 0.648438 0.802083 0.120312 0.168056
23 0.513672 0.858333 0.114844 0.183333
23 0.397266 0.859722 0.124219 0.180556
23 0.279687 0.859028 0.110937 0.179167
23 0.165625 0.860417 0.117188 0.176389
23 0.055859 0.855556 0.111719 0.177778
23 0.756641 0.618056 0.099219 0.130556
23 0.425000 0.618750 0.106250 0.131944
23 0.312109 0.626389 0.105469 0.144444
23 0.173828 0.623611 0.117969 0.147222
37 0.574609 0.628472 0.122656 0.151389
37 0.516797 0.622222 0.072656 0.141667
35 0.753516 0.107639 0.110156 0.162500
11 0.536719 0.107639 0.112500 0.187500
11 0.433594 0.106944 0.093750 0.172222
11 0.300391 0.106944 0.110156 0.183333
11 0.187500 0.106250 0.115625 0.181944
11 0.068359 0.102083 0.122656 0.190278
26 0.845312 0.284722 0.131250 0.197222
26 0.713672 0.284028 0.132031 0.195833
26 0.583203 0.285417 0.128906 0.193056
26 0.459766 0.284722 0.117969 0.191667
26 0.336328 0.286111 0.128906 0.188889
26 0.208984 0.288889 0.125781 0.194444
26 0.077734 0.290278 0.136719 0.191667
45 0.918359 0.478472 0.127344 0.140278
45 0.808984 0.459028 0.103906 0.131944
48 0.566797 0.470833 0.117969 0.122222
48 0.449219 0.466667 0.123438 0.141667
45 0.302734 0.477778 0.122656 0.127778
45 0.182812 0.475000 0.120312 0.133333
45 0.061719 0.477778 0.123438 0.127778
