46 0.073437 0.165278 0.109375 0.138889
46 0.189453 0.158333 0.119531 0.136111
46 0.311719 0.155556 0.123438 0.152778
46 0.432813 0.160417 0.117188 0.145833
45 0.549609 0.193056 0.119531 0.105556
45 0.667578 0.184722 0.111719 0.116667
45 0.789453 0.187500 0.124219 0.119444
45 0.913281 0.193750 0.121875 0.118056
47 0.041016 0.332639 0.067969 0.120833
47 0.141016 0.330556 0.128906 0.116667
33 0.262500 0.324306 0.112500 0.118056
33 0.376563 0.318056 0.112500 0.125000
19 0.152344 0.614583 0.123438 0.126389
19 0.275391 0.618750 0.121094 0.109722
19 0.406250 0.613889 0.118750 0.105556
19 0.537891 0.604167 0.128906 0.111111
19 0.694922 0.606250 0.111719 0.123611
20 0.887109 0.589583 0.127344 0.062500
20 0.900391 0.646528 0.125781 0.065278
4 0.916797 0.774306 0.139844 0.168056
36 0.765234 0.768056 0.142969 0.172222
5 0.169531 0.768056 0.112500 0.177778
5 0.275781 0.780556 0.109375 0.144444
5 0.661328 0.729167 0.074219 0.100000
5 0.404687 0.756250 0.112500 0.165278
5 0.534766 0.759722 0.121094 0.136111
27 0.703906 0.355556 0.118750 0.116667
52 0.491016 0.320139 0.100781 0.143056
37 0.594141 0.324306 0.105469 0.148611
