37 0.071484 0.256250 0.107031 0.123611
37 0.198828 0.253472 0.136719 0.126389
37 0.343359 0.257639 0.138281 0.120833
3 0.489453 0.259722 0.146094 0.127778
3 0.625391 0.265972 0.125781 0.129167
1 0.767969 0.254861 0.145313 0.123611
1 0.918359 0.262500 0.150781 0.144444
15 0.074609 0.470139 0.105469 0.154167
15 0.190625 0.468750 0.114063 0.156944
15 0.309766 0.461111 0.114844 0.144444
15 0.448047 0.671528 0.141406 0.201389
15 0.610156 0.670139 0.131250 0.198611
15 0.773828 0.672917 0.142969 0.198611
15 0.924609 0.675694 0.147656 0.218056
15 0.870313 0.467361 0.135937 0.162500
15 0.464844 0.463889 0.137500 0.150000
6 0.131641 0.665972 0.142969 0.198611
6 0.285156 0.668056 0.134375 0.197222
45 0.647266 0.925694 0.147656 0.140278
45 0.417578 0.920139 0.072656 0.140278
51 0.800000 0.927083 0.143750 0.145833
51 0.513281 0.917361 0.120312 0.148611
48 0.050781 0.920139 0.100000 0.137500
48 0.153906 0.911806 0.095312 0.131944
48 0.274219 0.913889 0.128125 0.130556
37 0.503516 0.818056 0.507031 0.066667
