41 0.494922 0.660417 0.435156 0.104167
47 0.155469 0.165278 0.078125 0.113889
47 0.230859 0.158333 0.066406 0.119444
47 0.300000 0.168750 0.071875 0.126389
47 0.369141 0.165972 0.066406 0.120833
47 0.438281 0.160417 0.065625 0.123611
47 0.510547 0.159028 0.075781 0.134722
9 0.597266 0.164583 0.078906 0.126389
9 0.671875 0.156944 0.068750 0.130556
9 0.741797 0.164583 0.067969 0.120833
51 0.814453 0.161806 0.067969 0.120833
51 0.883594 0.161806 0.067188 0.120833
51 0.950781 0.165278 0.065625 0.122222
52 0.175000 0.310417 0.064062 0.140278
52 0.238672 0.311806 0.058594 0.140278
49 0.142578 0.781250 0.100781 0.198611
49 0.236328 0.779167 0.077344 0.202778
49 0.321094 0.782639 0.071875 0.218056
49 0.408594 0.782639 0.089062 0.212500
49 0.497656 0.788194 0.098438 0.206944
36 0.485547 0.486806 0.066406 0.140278
36 0.421094 0.481250 0.056250 0.145833
36 0.360547 0.480556 0.063281 0.130556
29 0.298438 0.477083 0.054688 0.131944
29 0.239844 0.480556 0.065625 0.125000
29 0.178516 0.479167 0.058594 0.130556
17 0.773828 0.775694 0.089844 0.215278
37 0.743750 0.494444 0.084375 0.136111
37 0.817969 0.494444 0.064062 0.144444
33 0.489844 0.318750 0.067188 0.148611
33 0.427344 0.315972 0.070312 0.145833
35 0.300391 0.312500 0.061719 0.138889
35 0.360938 0.312500 0.060938 0.147222
30 0.671094 0.323611 0.064062 0.136111
30 0.741016 0.320139 0.072656 0.137500
