39 0.054688 0.177778 0.100000 0.144444
39 0.162109 0.174306 0.113281 0.143056
39 0.280078 0.177778 0.116406 0.150000
39 0.393750 0.178472 0.107813 0.143056
39 0.505078 0.181944 0.110156 0.152778
37 0.620313 0.177778 0.115625 0.150000
37 0.946094 0.171528 0.089062 0.156944
34 0.853906 0.197222 0.095312 0.144444
49 0.824219 0.354167 0.132812 0.141667
49 0.702734 0.358333 0.110156 0.150000
49 0.212891 0.357639 0.121094 0.154167
49 0.083203 0.361806 0.138281 0.162500
48 0.931641 0.498611 0.107031 0.108333
48 0.818359 0.495139 0.113281 0.104167
48 0.701953 0.494444 0.119531 0.102778
48 0.581641 0.492361 0.121094 0.106944
48 0.505078 0.495833 0.032031 0.108333
48 0.429297 0.494444 0.119531 0.105556
48 0.309375 0.500694 0.120312 0.118056
48 0.186719 0.497917 0.123438 0.109722
48 0.063281 0.502778 0.126563 0.119444
12 0.908984 0.623611 0.105469 0.116667
12 0.788672 0.627778 0.124219 0.108333
18 0.658984 0.617361 0.110156 0.115278
18 0.544531 0.620139 0.118750 0.120833
18 0.429688 0.620833 0.110937 0.119444
18 0.315625 0.620833 0.117188 0.119444
18 0.192969 0.624306 0.128125 0.112500
18 0.070312 0.634028 0.140625 0.131944
19 0.553125 0.898611 0.117188 0.052778
19 0.551953 0.840278 0.114844 0.063889
19 0.433984 0.915278 0.133594 0.077778
19 0.428516 0.840278 0.122656 0.072222
21 0.301172 0.884028 0.130469 0.115278
21 0.173438 0.891667 0.125000 0.130556
21 0.057422 0.890972 0.114844 0.126389
21 0.073047 0.759722 0.130469 0.108333
21 0.219922 0.747222 0.111719 0.100000
21 0.333203 0.742361 0.114844 0.098611
36 0.936328 0.866667 0.102344 0.161111
36 0.814062 0.870139 0.115625 0.165278
36 0.694922 0.868750 0.116406 0.148611
