7 0.206250 0.795833 0.095312 0.283333
7 0.118359 0.801389 0.091406 0.272222
15 0.888281 0.838194 0.067188 0.295833
15 0.821484 0.800000 0.074219 0.291667
15 0.714453 0.764583 0.074219 0.206944
15 0.631641 0.763194 0.086719 0.243056
15 0.551562 0.768750 0.073437 0.231944
7 0.306250 0.762500 0.073437 0.252778
41 0.418750 0.698611 0.150000 0.105556
10 0.871484 0.387500 0.067969 0.280556
10 0.790625 0.398611 0.095312 0.286111
10 0.653906 0.388194 0.073437 0.284722
46 0.566406 0.395833 0.090625 0.269444
46 0.493359 0.375000 0.057031 0.247222
26 0.656250 0.105556 0.093750 0.211111
26 0.592188 0.106250 0.034375 0.209722
26 0.755469 0.102778 0.096875 0.205556
26 0.525000 0.106250 0.084375 0.206944
26 0.438672 0.104167 0.088281 0.202778
37 0.348437 0.104861 0.084375 0.206944
39 0.249219 0.116667 0.084375 0.191667
39 0.158594 0.111806 0.092188 0.206944
