46 0.194531 0.813889 0.145313 0.180556
45 0.137891 0.604861 0.142969 0.120833
48 0.916797 0.868056 0.153906 0.125000
48 0.919531 0.750000 0.151562 0.113889
48 0.758594 0.754861 0.159375 0.120833
48 0.760938 0.873611 0.153125 0.119444
48 0.600781 0.751389 0.150000 0.113889
48 0.603906 0.871528 0.145313 0.123611
51 0.450391 0.743056 0.130469 0.097222
51 0.357812 0.860417 0.167187 0.131944
51 0.229297 0.731250 0.138281 0.062500
51 0.343359 0.731250 0.082031 0.076389
50 0.767969 0.580556 0.157813 0.063889
50 0.913672 0.575000 0.128906 0.063889
50 0.912109 0.641667 0.138281 0.055556
50 0.765234 0.638889 0.146094 0.055556
48 0.588672 0.607639 0.153906 0.118056
48 0.428516 0.610417 0.149219 0.118056
9 0.281250 0.604861 0.135937 0.126389
14 0.894922 0.478472 0.169531 0.120833
14 0.727734 0.476389 0.157031 0.116667
14 0.574609 0.477778 0.146094 0.119444
14 0.426562 0.475694 0.150000 0.115278
14 0.278125 0.475694 0.146875 0.115278
14 0.122656 0.475694 0.164062 0.115278
15 0.080859 0.307639 0.124219 0.173611
15 0.218750 0.306250 0.145313 0.168056
15 0.354297 0.312500 0.097656 0.161111
15 0.464453 0.309722 0.153906 0.169444
15 0.617969 0.309722 0.148438 0.163889
15 0.798437 0.309028 0.154687 0.168056
15 0.919531 0.314583 0.090625 0.168056
15 0.915234 0.125000 0.157031 0.169444
15 0.614453 0.118750 0.161719 0.173611
15 0.488672 0.122917 0.083594 0.156944
15 0.373047 0.117361 0.147656 0.168056
15 0.153125 0.119444 0.131250 0.163889
15 0.045313 0.118056 0.087500 0.169444
