23 0.440625 0.847222 0.164062 0.177778
46 0.643750 0.823611 0.146875 0.169444
46 0.281250 0.799306 0.145313 0.162500
49 0.757812 0.634028 0.167187 0.145833
49 0.116797 0.635417 0.111719 0.154167
49 0.516406 0.473611 0.143750 0.130556
49 0.830469 0.481250 0.146875 0.154167
11 0.351172 0.477083 0.139844 0.159722
11 0.211719 0.477083 0.129688 0.159722
11 0.082422 0.472222 0.114844 0.150000
51 0.671094 0.336806 0.096875 0.084722
51 0.542578 0.324306 0.152344 0.098611
51 0.391016 0.328472 0.146094 0.084722
51 0.240625 0.318056 0.154687 0.105556
51 0.087109 0.324306 0.152344 0.112500
45 0.888672 0.185417 0.161719 0.104167
45 0.733984 0.182639 0.147656 0.098611
45 0.338281 0.190972 0.087500 0.098611
45 0.229687 0.190972 0.129688 0.098611
45 0.106250 0.191667 0.117188 0.097222
48 0.453516 0.178472 0.146094 0.104167
