21 0.624609 0.216667 0.124219 0.166667
21 0.750000 0.218056 0.118750 0.169444
21 0.881250 0.209722 0.135937 0.175000
20 0.200391 0.215278 0.142969 0.069444
20 0.203125 0.271528 0.142188 0.062500
20 0.355859 0.215278 0.128906 0.058333
20 0.353906 0.268056 0.118750 0.055556
20 0.491797 0.208333 0.122656 0.063889
20 0.492969 0.267361 0.129688 0.065278
20 0.272656 0.183333 0.082813 0.075000
7 0.112891 0.400000 0.119531 0.169444
7 0.242578 0.400694 0.133594 0.170833
7 0.373437 0.404861 0.118750 0.165278
7 0.500781 0.400694 0.128125 0.159722
7 0.634375 0.406250 0.121875 0.173611
7 0.765234 0.405556 0.124219 0.169444
7 0.894141 0.398611 0.121094 0.163889
5 0.243359 0.600000 0.147656 0.177778
5 0.392969 0.600000 0.148438 0.177778
5 0.533203 0.597917 0.138281 0.173611
5 0.676953 0.605556 0.132031 0.180556
5 0.811328 0.593750 0.124219 0.190278
5 0.908203 0.595833 0.092969 0.163889
16 0.121875 0.803472 0.123438 0.187500
16 0.242188 0.799306 0.125000 0.193056
16 0.373047 0.798611 0.136719 0.194444
19 0.137500 0.052778 0.112500 0.105556
19 0.262500 0.050000 0.115625 0.100000
19 0.389062 0.051389 0.128125 0.102778
19 0.520312 0.052778 0.134375 0.105556
19 0.652344 0.052083 0.128125 0.093056
19 0.777344 0.051389 0.120312 0.102778
19 0.925000 0.055556 0.100000 0.100000
