22 0.086719 0.063194 0.126563 0.109722
22 0.383594 0.074306 0.110937 0.106944
13 0.846094 0.894444 0.156250 0.183333
13 0.632422 0.889583 0.166406 0.170833
13 0.408594 0.884028 0.162500 0.156944
13 0.238672 0.870833 0.160156 0.161111
12 0.083594 0.882639 0.145313 0.156944
24 0.741797 0.643750 0.144531 0.145833
24 0.576563 0.643750 0.146875 0.145833
24 0.420703 0.641667 0.146094 0.144444
24 0.278516 0.640972 0.133594 0.145833
24 0.123047 0.645833 0.135156 0.144444
24 0.109766 0.449306 0.144531 0.151389
17 0.336719 0.228472 0.137500 0.190278
17 0.214453 0.224306 0.099219 0.176389
17 0.093750 0.224306 0.142188 0.193056
16 0.609766 0.226389 0.127344 0.191667
16 0.474609 0.223611 0.124219 0.191667
16 0.729688 0.228472 0.104687 0.179167
16 0.883984 0.228472 0.110156 0.168056
6 0.791016 0.415972 0.100781 0.179167
6 0.900000 0.429167 0.056250 0.169444
