15 0.615625 0.175000 0.142188 0.163889
15 0.503906 0.174306 0.071875 0.162500
15 0.387500 0.172222 0.135937 0.163889
15 0.181641 0.172917 0.124219 0.159722
15 0.076953 0.174306 0.074219 0.165278
15 0.105859 0.356250 0.130469 0.162500
15 0.241797 0.347222 0.147656 0.161111
15 0.473437 0.349306 0.142188 0.162500
15 0.621484 0.353472 0.142969 0.170833
15 0.802344 0.352083 0.150000 0.165278
15 0.364062 0.351389 0.079687 0.155556
14 0.732031 0.528472 0.156250 0.129167
14 0.580469 0.520833 0.146875 0.113889
14 0.432031 0.524306 0.148438 0.109722
14 0.282422 0.526389 0.142969 0.105556
14 0.137500 0.521528 0.146875 0.115278
48 0.589844 0.654167 0.143750 0.122222
48 0.435937 0.646528 0.146875 0.112500
48 0.919922 0.802778 0.150781 0.111111
48 0.916797 0.919444 0.142969 0.105556
48 0.759766 0.795833 0.149219 0.122222
48 0.760938 0.909722 0.154687 0.105556
48 0.604297 0.790972 0.150781 0.118056
48 0.603125 0.905556 0.151562 0.119444
51 0.459375 0.786806 0.132812 0.084722
51 0.364844 0.881944 0.154687 0.125000
46 0.195312 0.834028 0.143750 0.184722
45 0.154297 0.637500 0.136719 0.119444
9 0.293359 0.638194 0.128906 0.115278
