39 0.056250 0.158333 0.110937 0.152778
39 0.169141 0.159722 0.113281 0.152778
39 0.282422 0.154861 0.114844 0.151389
39 0.397266 0.155556 0.114844 0.155556
39 0.508594 0.153472 0.106250 0.162500
37 0.618750 0.159028 0.118750 0.151389
37 0.948047 0.161111 0.102344 0.172222
49 0.087109 0.326389 0.138281 0.163889
49 0.221875 0.325694 0.128125 0.168056
49 0.351562 0.325694 0.128125 0.168056
49 0.476172 0.324306 0.125781 0.170833
48 0.693750 0.332639 0.126563 0.170833
48 0.821875 0.330556 0.126563 0.175000
35 0.848828 0.161806 0.097656 0.165278
48 0.070312 0.473611 0.120312 0.111111
48 0.188672 0.465972 0.121094 0.109722
48 0.310937 0.475694 0.115625 0.120833
48 0.429297 0.473611 0.117969 0.133333
48 0.567969 0.467361 0.143750 0.137500
48 0.698438 0.464583 0.126563 0.129167
48 0.822656 0.463889 0.123438 0.141667
48 0.941016 0.476389 0.117969 0.138889
18 0.067969 0.595139 0.129688 0.120833
18 0.191797 0.597917 0.125781 0.131944
18 0.314453 0.595139 0.116406 0.129167
18 0.426953 0.593056 0.107031 0.127778
18 0.538281 0.590278 0.114063 0.119444
18 0.652344 0.586111 0.106250 0.113889
19 0.062500 0.859722 0.117188 0.147222
19 0.091797 0.729167 0.133594 0.130556
19 0.187891 0.845833 0.124219 0.172222
19 0.311719 0.840278 0.123438 0.166667
36 0.815234 0.836111 0.125781 0.169444
36 0.935547 0.837500 0.124219 0.180556
36 0.698438 0.829861 0.115625 0.176389
20 0.555078 0.797917 0.111719 0.095833
20 0.560938 0.873611 0.112500 0.066667
20 0.441797 0.883333 0.122656 0.091667
20 0.440234 0.789583 0.110156 0.093056
12 0.785156 0.600694 0.135937 0.126389
12 0.910547 0.597917 0.117969 0.126389
