13 0.113281 0.179167 0.137500 0.158333
33 0.250781 0.180556 0.114063 0.175000
33 0.371875 0.175000 0.121875 0.175000
52 0.489844 0.179861 0.107813 0.179167
30 0.603516 0.173611 0.114844 0.197222
27 0.726953 0.205556 0.125781 0.133333
51 0.244141 0.379167 0.103906 0.108333
51 0.669531 0.380556 0.142188 0.138889
50 0.795313 0.401389 0.120312 0.075000
50 0.912891 0.338889 0.111719 0.066667
50 0.923437 0.402778 0.134375 0.094444
19 0.126953 0.588889 0.127344 0.155556
19 0.262891 0.588194 0.132031 0.145833
19 0.394922 0.587500 0.128906 0.158333
19 0.530078 0.584722 0.132031 0.155556
19 0.704687 0.584722 0.132812 0.152778
20 0.903906 0.558333 0.128125 0.086111
20 0.912891 0.627778 0.155469 0.080556
4 0.925781 0.804167 0.143750 0.227778
36 0.779688 0.795139 0.143750 0.212500
5 0.259766 0.799306 0.122656 0.215278
5 0.411328 0.811806 0.117969 0.195833
5 0.537891 0.801389 0.130469 0.211111
