37 0.721094 0.093750 0.123438 0.154167
37 0.550000 0.084028 0.121875 0.143056
18 0.386719 0.109722 0.103125 0.125000
18 0.284375 0.111111 0.101562 0.127778
18 0.182031 0.108333 0.103125 0.133333
18 0.080078 0.112500 0.102344 0.130556
20 0.720703 0.333333 0.103906 0.069444
20 0.619141 0.332639 0.099219 0.068056
20 0.620313 0.392361 0.101562 0.051389
20 0.728516 0.392361 0.114844 0.051389
29 0.525781 0.344444 0.084375 0.147222
29 0.436328 0.344444 0.094531 0.147222
29 0.345703 0.342361 0.086719 0.151389
10 0.242969 0.334028 0.106250 0.173611
10 0.135547 0.329861 0.108594 0.165278
9 0.734766 0.579861 0.097656 0.120833
9 0.633203 0.580556 0.105469 0.122222
37 0.530469 0.579861 0.095312 0.115278
37 0.433203 0.579167 0.099219 0.113889
37 0.328906 0.575000 0.109375 0.122222
37 0.516406 0.490278 0.506250 0.058333
5 0.232031 0.543056 0.089062 0.180556
5 0.132422 0.536806 0.110156 0.168056
27 0.788281 0.767361 0.110937 0.145833
27 0.785937 0.897917 0.107813 0.112500
27 0.671094 0.760417 0.109375 0.143056
27 0.665234 0.893056 0.107031 0.111111
27 0.555469 0.761111 0.112500 0.147222
27 0.551172 0.885417 0.108594 0.115278
27 0.438281 0.757639 0.112500 0.129167
27 0.322656 0.757639 0.112500 0.145833
27 0.436328 0.887500 0.114844 0.122222
27 0.317187 0.889583 0.115625 0.115278
51 0.202734 0.754861 0.119531 0.148611
51 0.082813 0.752778 0.120312 0.144444
51 0.081250 0.886806 0.117188 0.123611
51 0.201562 0.888889 0.123438 0.119444
