39 0.781250 0.182639 0.137500 0.198611
39 0.634375 0.175694 0.140625 0.187500
39 0.337891 0.177778 0.135156 0.191667
39 0.202734 0.183333 0.135156 0.202778
39 0.067969 0.179861 0.134375 0.209722
37 0.474609 0.179167 0.136719 0.200000
19 0.619531 0.416667 0.129688 0.147222
19 0.364453 0.417361 0.107031 0.151389
19 0.246094 0.419444 0.129688 0.155556
19 0.107031 0.420139 0.148438 0.154167
5 0.177734 0.620833 0.138281 0.208333
5 0.052734 0.638194 0.083594 0.220833
7 0.314844 0.622222 0.132812 0.219444
7 0.448438 0.628472 0.146875 0.218056
7 0.600000 0.629167 0.143750 0.233333
7 0.746875 0.633333 0.150000 0.230556
43 0.916016 0.649306 0.167969 0.212500
43 0.891016 0.858333 0.125781 0.180556
43 0.761328 0.852083 0.133594 0.168056
43 0.561719 0.836111 0.126563 0.147222
37 0.175000 0.808333 0.317187 0.066667
37 0.255469 0.889583 0.432813 0.104167
