48 0.460938 0.102083 0.148438 0.120833
49 0.836328 0.463194 0.132031 0.165278
49 0.507422 0.454167 0.160156 0.169444
49 0.118359 0.643056 0.108594 0.163889
45 0.899219 0.094444 0.157813 0.130556
45 0.742188 0.097917 0.151562 0.106944
51 0.543750 0.287500 0.150000 0.150000
51 0.385547 0.287500 0.144531 0.155556
51 0.235156 0.286806 0.151562 0.123611
51 0.081250 0.278472 0.162500 0.140278
11 0.350391 0.457639 0.135156 0.173611
11 0.206250 0.454167 0.132812 0.175000
11 0.087109 0.461111 0.111719 0.177778
46 0.642187 0.878472 0.139062 0.201389
46 0.286328 0.856250 0.116406 0.201389
23 0.429688 0.886806 0.175000 0.218056
49 0.250781 0.643056 0.162500 0.166667
49 0.432422 0.643750 0.132031 0.168056
49 0.591406 0.647222 0.151562 0.166667
46 0.903125 0.880556 0.160938 0.205556
