12 0.077734 0.900694 0.155469 0.151389
13 0.241016 0.894444 0.161719 0.172222
13 0.417188 0.895833 0.179688 0.169444
13 0.655469 0.890972 0.184375 0.159722
13 0.881641 0.892361 0.178906 0.165278
24 0.766797 0.664583 0.169531 0.143056
24 0.599219 0.667361 0.154687 0.140278
24 0.430078 0.668056 0.149219 0.147222
24 0.283203 0.665278 0.144531 0.141667
24 0.109375 0.669444 0.156250 0.136111
24 0.102734 0.476389 0.158594 0.136111
6 0.939453 0.452083 0.067969 0.165278
6 0.820312 0.458333 0.114063 0.161111
16 0.919141 0.263889 0.113281 0.150000
16 0.759766 0.256250 0.096094 0.159722
16 0.640625 0.259722 0.142188 0.166667
16 0.501953 0.251389 0.135156 0.183333
17 0.355859 0.243750 0.138281 0.170833
17 0.228906 0.243750 0.115625 0.170833
17 0.096094 0.238889 0.150000 0.180556
