48 0.456641 0.162500 0.063281 0.091667
48 0.395312 0.165972 0.059375 0.098611
48 0.336719 0.166667 0.057813 0.097222
48 0.278125 0.166667 0.059375 0.097222
48 0.219531 0.165278 0.057813 0.100000
48 0.161328 0.164583 0.058594 0.098611
51 0.869922 0.163889 0.028906 0.097222
51 0.825781 0.163194 0.059375 0.095833
51 0.767187 0.159722 0.057813 0.102778
51 0.708594 0.160417 0.059375 0.104167
9 0.649219 0.163194 0.057813 0.098611
9 0.591016 0.163194 0.058594 0.098611
9 0.530078 0.164583 0.063281 0.095833
37 0.849219 0.297917 0.057813 0.120833
37 0.798828 0.300000 0.042969 0.125000
37 0.749609 0.298611 0.055469 0.127778
37 0.697656 0.299306 0.048437 0.129167
30 0.642969 0.304861 0.053125 0.120833
30 0.586719 0.305556 0.059375 0.122222
33 0.431250 0.296528 0.053125 0.123611
33 0.377344 0.296528 0.054688 0.123611
35 0.325000 0.296528 0.048437 0.129167
35 0.273047 0.295833 0.055469 0.127778
52 0.221094 0.296528 0.048437 0.123611
52 0.167578 0.297222 0.058594 0.125000
32 0.827734 0.452778 0.058594 0.136111
32 0.768359 0.454861 0.060156 0.137500
37 0.707422 0.452778 0.063281 0.125000
37 0.644922 0.451389 0.061719 0.122222
29 0.268750 0.445833 0.043750 0.111111
29 0.221484 0.446528 0.050781 0.112500
29 0.166406 0.446528 0.059375 0.112500
49 0.464453 0.752083 0.078906 0.181944
49 0.388281 0.747222 0.076563 0.186111
49 0.316797 0.739583 0.066406 0.184722
49 0.246484 0.748611 0.069531 0.180556
49 0.162891 0.741667 0.080469 0.177778
17 0.683984 0.727778 0.074219 0.205556
37 0.125391 0.703472 0.094531 0.195833
41 0.418359 0.597222 0.397656 0.094444
41 0.768359 0.598611 0.216406 0.072222
36 0.427734 0.449306 0.052344 0.115278
36 0.375391 0.451389 0.052344 0.119444
36 0.319531 0.450694 0.059375 0.120833
