17 0.304297 0.405556 0.197656 0.169444
17 0.487109 0.397917 0.164844 0.176389
17 0.670703 0.393750 0.191406 0.148611
17 0.934766 0.397222 0.119531 0.150000
13 0.115234 0.580556 0.214844 0.127778
13 0.329297 0.576389 0.208594 0.119444
24 0.550000 0.581944 0.201562 0.133333
24 0.759375 0.581250 0.184375 0.129167
22 0.080078 0.712500 0.160156 0.105556
22 0.250781 0.709028 0.176563 0.104167
22 0.421875 0.718056 0.162500 0.102778
22 0.588281 0.714583 0.178125 0.109722
22 0.765625 0.715972 0.175000 0.104167
22 0.926172 0.713194 0.138281 0.106944
24 0.306641 0.830556 0.199219 0.111111
24 0.118359 0.822917 0.180469 0.098611
