23 0.516797 0.070833 0.128906 0.138889
23 0.374219 0.075000 0.115625 0.150000
23 0.237109 0.072917 0.124219 0.145833
23 0.101562 0.075000 0.121875 0.144444
24 0.725000 0.222222 0.159375 0.133333
24 0.567578 0.227083 0.133594 0.115278
24 0.426172 0.222917 0.147656 0.126389
24 0.282031 0.222917 0.139062 0.118056
37 0.810156 0.381250 0.290625 0.131944
37 0.520703 0.366667 0.241406 0.111111
37 0.210547 0.378472 0.292969 0.126389
22 0.143750 0.521528 0.117188 0.112500
22 0.297266 0.607639 0.132031 0.131944
22 0.383203 0.533333 0.113281 0.111111
22 0.510938 0.532639 0.110937 0.118056
22 0.635938 0.536111 0.121875 0.127778
22 0.773828 0.540278 0.128906 0.150000
22 0.896484 0.547222 0.108594 0.113889
37 0.520703 0.713194 0.850781 0.209722
37 0.514844 0.847222 0.859375 0.191667
