49 0.796484 0.856250 0.138281 0.245833
49 0.657812 0.858333 0.139062 0.250000
49 0.518359 0.863194 0.133594 0.243056
49 0.360938 0.861111 0.137500 0.241667
49 0.212500 0.861806 0.145313 0.243056
49 0.064062 0.863194 0.128125 0.237500
46 0.487891 0.597917 0.133594 0.248611
46 0.397656 0.717361 0.001563 0.004167
46 0.333594 0.602778 0.128125 0.252778
46 0.199219 0.602778 0.140625 0.252778
46 0.064844 0.597917 0.128125 0.262500
10 0.933203 0.593750 0.128906 0.251389
10 0.797656 0.591667 0.134375 0.261111
10 0.660937 0.593056 0.134375 0.263889
9 0.929688 0.366667 0.131250 0.161111
9 0.733984 0.368056 0.127344 0.158333
9 0.597266 0.368056 0.125781 0.161111
45 0.467187 0.369444 0.129688 0.158333
45 0.324609 0.370139 0.132031 0.162500
45 0.190625 0.368056 0.132812 0.166667
45 0.063672 0.376389 0.121094 0.166667
27 0.901563 0.193056 0.135937 0.141667
11 0.766016 0.161806 0.116406 0.215278
11 0.649609 0.162500 0.116406 0.216667
11 0.532812 0.161806 0.117188 0.218056
52 0.418750 0.165972 0.107813 0.226389
30 0.305859 0.172917 0.116406 0.195833
33 0.189453 0.161111 0.113281 0.219444
35 0.066016 0.165278 0.127344 0.219444
