1 0.149219 0.106944 0.123438 0.097222
1 0.284375 0.103472 0.131250 0.095833
1 0.416797 0.104167 0.114844 0.100000
15 0.544141 0.101389 0.117969 0.127778
15 0.662109 0.097222 0.107031 0.125000
15 0.776953 0.104167 0.108594 0.127778
15 0.888281 0.096528 0.107813 0.120833
15 0.902344 0.268750 0.123438 0.159722
15 0.775000 0.270833 0.123438 0.161111
15 0.636328 0.275000 0.135156 0.161111
15 0.501562 0.270833 0.123438 0.158333
15 0.361328 0.270139 0.127344 0.162500
15 0.243359 0.271528 0.105469 0.151389
15 0.905078 0.450694 0.121094 0.168056
15 0.776953 0.453472 0.125781 0.173611
15 0.636328 0.456250 0.128906 0.170833
15 0.498047 0.451389 0.133594 0.161111
15 0.359766 0.452083 0.122656 0.165278
15 0.225391 0.454861 0.130469 0.168056
15 0.907031 0.629861 0.107813 0.148611
15 0.771875 0.634028 0.140625 0.162500
15 0.628125 0.636111 0.128125 0.172222
15 0.494922 0.641667 0.122656 0.169444
15 0.357812 0.639583 0.121875 0.168056
15 0.227344 0.629167 0.112500 0.147222
36 0.914453 0.849306 0.127344 0.195833
36 0.778516 0.845139 0.146094 0.193056
36 0.631250 0.845833 0.143750 0.186111
36 0.485547 0.844444 0.152344 0.197222
36 0.342578 0.863889 0.130469 0.172222
36 0.214844 0.854861 0.126563 0.162500
36 0.094531 0.856250 0.104687 0.162500
