15 0.424219 0.298611 0.171875 0.177778
15 0.089062 0.297222 0.168750 0.172222
15 0.566016 0.488194 0.158594 0.181944
15 0.406250 0.488889 0.154687 0.183333
15 0.250391 0.490278 0.155469 0.177778
15 0.092578 0.677083 0.157031 0.187500
15 0.255469 0.681944 0.162500 0.175000
15 0.438281 0.681250 0.145313 0.181944
15 0.596875 0.684722 0.160938 0.191667
15 0.369531 0.897222 0.178125 0.200000
15 0.544531 0.899306 0.165625 0.195833
15 0.755469 0.892361 0.189063 0.198611
15 0.081641 0.110417 0.142969 0.165278
15 0.248828 0.102778 0.144531 0.175000
15 0.405078 0.095139 0.158594 0.190278
