20 0.372266 0.093750 0.110156 0.073611
20 0.373047 0.166667 0.130469 0.063889
20 0.242969 0.084722 0.126563 0.088889
20 0.237500 0.165278 0.118750 0.069444
20 0.110547 0.087500 0.127344 0.077778
20 0.107813 0.175000 0.132812 0.069444
19 0.638281 0.127778 0.137500 0.158333
19 0.770312 0.125000 0.117188 0.155556
19 0.902344 0.125000 0.120312 0.166667
21 0.860156 0.363194 0.139062 0.251389
21 0.683594 0.357639 0.123438 0.220833
23 0.511719 0.359028 0.120312 0.220833
23 0.401172 0.361111 0.080469 0.227778
23 0.293750 0.356250 0.135937 0.243056
23 0.152734 0.366667 0.128906 0.250000
5 0.924219 0.639583 0.125000 0.270833
5 0.694922 0.608333 0.083594 0.222222
5 0.591797 0.623611 0.117969 0.230556
5 0.481250 0.615972 0.081250 0.237500
7 0.378906 0.637500 0.123438 0.258333
7 0.208984 0.634722 0.122656 0.255556
7 0.100781 0.619444 0.090625 0.247222
4 0.105078 0.890278 0.119531 0.211111
4 0.308594 0.888889 0.120312 0.202778
40 0.726172 0.878472 0.135156 0.204167
40 0.857813 0.877778 0.131250 0.191667
