53 0.386328 0.165278 0.083594 0.133333
53 0.487109 0.157639 0.117969 0.131944
53 0.605469 0.156250 0.110937 0.143056
53 0.735156 0.157639 0.142188 0.134722
53 0.853125 0.154861 0.093750 0.145833
53 0.949219 0.153472 0.095312 0.140278
0 0.073828 0.477778 0.127344 0.150000
0 0.205078 0.470833 0.117969 0.161111
0 0.340625 0.477083 0.126563 0.154167
0 0.471484 0.466667 0.121094 0.166667
0 0.594531 0.465972 0.112500 0.165278
40 0.046094 0.813194 0.092188 0.168056
40 0.182422 0.794444 0.128906 0.136111
40 0.307813 0.793750 0.123438 0.148611
40 0.437500 0.792361 0.120312 0.151389
40 0.558594 0.803472 0.118750 0.168056
40 0.694922 0.810417 0.127344 0.168056
8 0.751562 0.639583 0.131250 0.159722
8 0.876562 0.643750 0.117188 0.156944
