29 0.503906 0.132639 0.110937 0.145833
29 0.365625 0.133333 0.117188 0.133333
29 0.231250 0.134028 0.112500 0.137500
50 0.725781 0.181250 0.135937 0.054167
50 0.853516 0.173611 0.116406 0.033333
20 0.957422 0.130556 0.061719 0.058333
20 0.853125 0.070139 0.145313 0.054167
20 0.843359 0.129167 0.139844 0.050000
20 0.705078 0.129861 0.119531 0.045833
48 0.276172 0.306250 0.108594 0.098611
48 0.121094 0.306250 0.134375 0.104167
45 0.922266 0.304861 0.130469 0.112500
15 0.627344 0.461806 0.145313 0.162500
15 0.485156 0.463194 0.140625 0.159722
22 0.350000 0.485417 0.128125 0.120833
22 0.217187 0.489583 0.129688 0.118056
22 0.080078 0.484722 0.133594 0.116667
24 0.742969 0.620139 0.160938 0.137500
24 0.577734 0.621528 0.149219 0.129167
24 0.419922 0.622917 0.163281 0.129167
24 0.094141 0.627083 0.164844 0.140278
49 0.136719 0.857639 0.154687 0.170833
49 0.258594 0.813194 0.135937 0.148611
37 0.907422 0.851389 0.174219 0.230556
37 0.816797 0.793750 0.138281 0.209722
37 0.671484 0.795139 0.155469 0.187500
37 0.563672 0.847917 0.174219 0.212500
37 0.421875 0.822222 0.176563 0.230556
