10 0.139844 0.109722 0.132812 0.177778
10 0.268750 0.104167 0.125000 0.175000
10 0.413281 0.111806 0.125000 0.170833
10 0.548047 0.118750 0.132031 0.184722
10 0.620313 0.113194 0.034375 0.179167
44 0.824609 0.128472 0.128906 0.173611
52 0.955469 0.127083 0.089062 0.173611
47 0.095703 0.309722 0.114844 0.161111
47 0.235938 0.313889 0.145313 0.152778
49 0.377344 0.313194 0.137500 0.156944
49 0.514453 0.317361 0.128906 0.168056
49 0.666797 0.323611 0.142969 0.169444
49 0.808203 0.320139 0.135156 0.162500
49 0.939062 0.334028 0.112500 0.176389
45 0.843359 0.545139 0.135156 0.140278
45 0.952734 0.544444 0.089844 0.150000
51 0.709375 0.536111 0.134375 0.144444
51 0.861719 0.691667 0.135937 0.150000
51 0.717969 0.685417 0.137500 0.148611
51 0.587109 0.673611 0.124219 0.144444
51 0.582812 0.525000 0.121875 0.147222
51 0.455859 0.523611 0.132031 0.138889
51 0.459766 0.656944 0.133594 0.175000
51 0.328906 0.524306 0.128125 0.145833
51 0.329297 0.663194 0.121094 0.140278
51 0.201172 0.515278 0.128906 0.150000
51 0.212500 0.659028 0.110937 0.148611
51 0.069141 0.517361 0.136719 0.131944
51 0.089844 0.647222 0.126563 0.144444
42 0.098438 0.826389 0.134375 0.219444
42 0.244922 0.826389 0.157031 0.219444
42 0.398828 0.829167 0.142969 0.230556
42 0.562109 0.842361 0.158594 0.212500
42 0.723047 0.856944 0.141406 0.200000
42 0.906250 0.860417 0.165625 0.201389
