38 0.235547 0.297222 0.117969 0.138889
38 0.162109 0.288194 0.057031 0.137500
38 0.409766 0.295833 0.107031 0.141667
38 0.510156 0.296528 0.070312 0.120833
38 0.059375 0.440278 0.112500 0.138889
38 0.178125 0.446528 0.121875 0.151389
53 0.562500 0.440278 0.128125 0.147222
53 0.695703 0.440972 0.128906 0.140278
51 0.041406 0.586806 0.081250 0.104167
51 0.145313 0.580556 0.121875 0.116667
51 0.241016 0.581250 0.064844 0.106944
51 0.323047 0.584028 0.097656 0.104167
51 0.437891 0.586806 0.125781 0.112500
51 0.599609 0.586111 0.105469 0.091667
51 0.716016 0.585417 0.125781 0.106944
51 0.838281 0.583333 0.123438 0.102778
51 0.947266 0.585417 0.102344 0.106944
24 0.126953 0.711806 0.149219 0.112500
24 0.336719 0.708333 0.173438 0.113889
24 0.495703 0.708333 0.149219 0.119444
24 0.649219 0.701389 0.160938 0.116667
24 0.792578 0.704861 0.130469 0.120833
37 0.942187 0.704861 0.115625 0.129167
7 0.083594 0.877083 0.132812 0.165278
7 0.208984 0.876389 0.111719 0.158333
7 0.341797 0.866667 0.108594 0.155556
5 0.557813 0.864583 0.115625 0.151389
