5 0.530859 0.772917 0.097656 0.170833
7 0.182812 0.769444 0.128125 0.175000
7 0.060156 0.779861 0.120312 0.195833
37 0.937109 0.615972 0.121094 0.131944
13 0.796094 0.609722 0.160938 0.130556
13 0.487891 0.609028 0.147656 0.126389
13 0.314844 0.604861 0.151562 0.123611
24 0.109766 0.606250 0.146094 0.137500
51 0.948047 0.468750 0.103906 0.120833
51 0.826953 0.466667 0.127344 0.113889
51 0.702344 0.465972 0.121875 0.112500
51 0.584375 0.460417 0.114063 0.123611
51 0.508984 0.465972 0.036719 0.134722
51 0.429297 0.472917 0.122656 0.120833
51 0.305469 0.466667 0.125000 0.108333
51 0.217969 0.465278 0.051562 0.111111
51 0.130078 0.469444 0.124219 0.119444
51 0.037500 0.467361 0.062500 0.123611
53 0.691016 0.313889 0.124219 0.172222
53 0.559375 0.311806 0.139062 0.168056
38 0.166797 0.306944 0.125781 0.155556
38 0.057031 0.310417 0.100000 0.148611
38 0.411719 0.147917 0.125000 0.151389
38 0.225391 0.145139 0.096094 0.156944
38 0.152344 0.152083 0.065625 0.143056
37 0.601953 0.153472 0.114844 0.145833
