19 0.895703 0.217361 0.119531 0.104167
19 0.768359 0.214583 0.128906 0.101389
19 0.639063 0.213889 0.121875 0.094444
19 0.514063 0.214583 0.126563 0.098611
19 0.383594 0.216667 0.125000 0.088889
19 0.257812 0.213889 0.126563 0.083333
19 0.171094 0.215972 0.046875 0.093056
19 0.094922 0.218750 0.099219 0.081944
20 0.400391 0.306250 0.117969 0.054167
20 0.399609 0.354861 0.127344 0.045833
20 0.395703 0.406250 0.124219 0.045833
20 0.269922 0.304167 0.130469 0.050000
20 0.265625 0.359722 0.134375 0.050000
20 0.265234 0.404167 0.130469 0.033333
5 0.904688 0.522222 0.109375 0.136111
5 0.778906 0.521528 0.135937 0.143056
5 0.642578 0.515972 0.133594 0.143056
5 0.508984 0.515972 0.133594 0.143056
5 0.374219 0.513194 0.137500 0.143056
5 0.233984 0.516667 0.132031 0.144444
5 0.100781 0.511806 0.126563 0.145833
21 0.534766 0.352083 0.119531 0.148611
21 0.671094 0.350694 0.131250 0.143056
21 0.828516 0.350694 0.119531 0.145833
7 0.107031 0.669444 0.128125 0.155556
7 0.239453 0.670139 0.135156 0.140278
7 0.366406 0.675000 0.123438 0.138889
7 0.503125 0.670139 0.137500 0.129167
1 0.230078 0.891667 0.135156 0.125000
1 0.100391 0.895139 0.124219 0.131944
3 0.367188 0.893056 0.134375 0.130556
4 0.501562 0.866667 0.159375 0.177778
6 0.914453 0.674306 0.107031 0.148611
6 0.794141 0.675000 0.133594 0.150000
6 0.658203 0.675694 0.138281 0.148611
37 0.902344 0.870833 0.096875 0.119444
37 0.785937 0.900694 0.132812 0.118056
37 0.651563 0.894444 0.135937 0.130556
