15 0.133594 0.204167 0.070312 0.116667
15 0.216797 0.194444 0.096094 0.116667
15 0.304297 0.196528 0.099219 0.120833
14 0.409375 0.213194 0.112500 0.112500
14 0.524219 0.205556 0.110937 0.105556
14 0.634766 0.213194 0.096094 0.095833
14 0.742578 0.212500 0.113281 0.100000
15 0.176953 0.340278 0.105469 0.125000
15 0.300781 0.341667 0.104687 0.141667
15 0.415625 0.340972 0.115625 0.131944
15 0.541797 0.340278 0.094531 0.133333
15 0.648047 0.340278 0.125781 0.133333
15 0.766016 0.348611 0.108594 0.150000
15 0.171094 0.489583 0.112500 0.131944
15 0.285156 0.490278 0.114063 0.147222
15 0.398047 0.490278 0.117969 0.147222
15 0.517578 0.490972 0.116406 0.156944
15 0.631250 0.490972 0.107813 0.140278
15 0.746094 0.496528 0.115625 0.154167
15 0.165234 0.639583 0.114844 0.131944
15 0.273438 0.637500 0.100000 0.138889
15 0.388672 0.640278 0.103906 0.133333
15 0.496875 0.639583 0.114063 0.126389
15 0.616406 0.636111 0.106250 0.133333
15 0.731641 0.637500 0.102344 0.122222
36 0.232422 0.797222 0.116406 0.158333
36 0.354688 0.801389 0.125000 0.166667
36 0.468750 0.800694 0.104687 0.170833
36 0.573047 0.831250 0.103906 0.159722
36 0.679688 0.829861 0.110937 0.162500
36 0.796484 0.838889 0.114844 0.150000
