46 0.951563 0.840972 0.096875 0.181944
46 0.830469 0.843750 0.135937 0.184722
46 0.687891 0.836806 0.132031 0.195833
28 0.558594 0.835417 0.117188 0.184722
28 0.443750 0.817361 0.118750 0.170833
28 0.327344 0.821528 0.118750 0.156944
28 0.189453 0.822222 0.132031 0.169444
28 0.062500 0.823611 0.125000 0.177778
8 0.303906 0.651389 0.120312 0.158333
8 0.198047 0.654167 0.091406 0.161111
8 0.095312 0.647222 0.110937 0.155556
37 0.705859 0.644444 0.099219 0.147222
37 0.612109 0.638889 0.094531 0.138889
37 0.533203 0.647222 0.102344 0.161111
37 0.431250 0.647222 0.110937 0.150000
25 0.806641 0.647222 0.097656 0.147222
25 0.946484 0.648611 0.105469 0.163889
25 0.878125 0.645139 0.028125 0.151389
37 0.915234 0.497222 0.139844 0.127778
37 0.803516 0.498611 0.083594 0.130556
37 0.699609 0.499306 0.124219 0.129167
52 0.577734 0.482639 0.114844 0.156944
52 0.465625 0.481944 0.109375 0.155556
30 0.350781 0.486806 0.112500 0.154167
30 0.233203 0.491667 0.116406 0.158333
26 0.113281 0.481250 0.117188 0.165278
27 0.519141 0.338889 0.113281 0.105556
34 0.742969 0.315278 0.112500 0.161111
33 0.856641 0.309028 0.116406 0.151389
33 0.956641 0.311806 0.080469 0.156944
35 0.628516 0.318056 0.111719 0.163889
37 0.399219 0.336806 0.123438 0.123611
38 0.281641 0.311111 0.121094 0.147222
38 0.167969 0.314583 0.109375 0.123611
38 0.040625 0.315278 0.081250 0.158333
49 0.946875 0.149306 0.104687 0.129167
49 0.835156 0.154861 0.118750 0.140278
11 0.378906 0.157639 0.085938 0.170833
11 0.282422 0.163889 0.113281 0.150000
11 0.183203 0.163194 0.085156 0.148611
11 0.068359 0.150000 0.136719 0.166667
