15 0.116797 0.134028 0.141406 0.151389
15 0.280859 0.121528 0.125781 0.154167
15 0.415625 0.114583 0.139062 0.159722
15 0.108203 0.302778 0.138281 0.177778
15 0.433203 0.297222 0.144531 0.177778
15 0.763281 0.301389 0.135937 0.161111
15 0.889844 0.474306 0.160938 0.156944
15 0.732031 0.466667 0.151562 0.169444
15 0.581250 0.468750 0.148438 0.165278
15 0.428125 0.472917 0.157813 0.173611
15 0.258594 0.475694 0.140625 0.168056
15 0.104297 0.481944 0.167969 0.175000
15 0.103906 0.653472 0.150000 0.165278
15 0.258203 0.645833 0.147656 0.172222
15 0.448438 0.649306 0.139062 0.159722
15 0.603516 0.647222 0.163281 0.161111
15 0.763281 0.643750 0.134375 0.159722
15 0.910156 0.645833 0.151562 0.169444
15 0.908984 0.849306 0.149219 0.187500
15 0.749219 0.859722 0.170312 0.208333
15 0.528516 0.872917 0.150781 0.181944
15 0.342578 0.875694 0.175781 0.184722
