51 0.062500 0.112500 0.121875 0.113889
51 0.182812 0.115972 0.117188 0.109722
51 0.298438 0.108333 0.106250 0.100000
27 0.735156 0.115278 0.154687 0.094444
27 0.876562 0.109722 0.125000 0.113889
20 0.426562 0.137500 0.132812 0.066667
20 0.565234 0.130556 0.119531 0.075000
49 0.071094 0.250694 0.104687 0.131944
49 0.188281 0.247222 0.123438 0.136111
49 0.312109 0.245139 0.117969 0.131944
49 0.439453 0.243750 0.132031 0.134722
47 0.571094 0.242361 0.129688 0.143056
47 0.700781 0.246528 0.114063 0.134722
47 0.833984 0.245139 0.132031 0.131944
52 0.053906 0.394444 0.098438 0.138889
52 0.156250 0.397222 0.104687 0.152778
11 0.271484 0.404861 0.117969 0.134722
11 0.487891 0.395833 0.096094 0.136111
11 0.394922 0.398611 0.092969 0.147222
10 0.598437 0.395833 0.114063 0.141667
10 0.721875 0.391667 0.128125 0.133333
10 0.842578 0.400694 0.099219 0.148611
9 0.051953 0.594444 0.100781 0.119444
9 0.164844 0.594444 0.115625 0.111111
9 0.281250 0.588889 0.112500 0.111111
9 0.383984 0.584028 0.097656 0.123611
29 0.858984 0.585417 0.105469 0.148611
45 0.742578 0.600000 0.122656 0.113889
45 0.619922 0.601389 0.116406 0.111111
45 0.498047 0.597917 0.122656 0.126389
49 0.066016 0.826389 0.114844 0.163889
49 0.190625 0.818056 0.117188 0.161111
49 0.318359 0.804861 0.113281 0.184722
49 0.444922 0.810417 0.121094 0.193056
49 0.571484 0.810417 0.132031 0.176389
49 0.718750 0.820139 0.134375 0.173611
