27 0.583594 0.106250 0.087500 0.104167
27 0.487500 0.104167 0.104687 0.100000
50 0.379687 0.123611 0.103125 0.047222
50 0.283203 0.127083 0.089844 0.054167
50 0.269141 0.074306 0.060156 0.048611
50 0.395312 0.077083 0.071875 0.045833
51 0.200781 0.098611 0.073437 0.102778
51 0.121094 0.100000 0.085938 0.105556
51 0.039453 0.101389 0.078906 0.102778
47 0.560938 0.236806 0.093750 0.123611
47 0.469922 0.240278 0.072656 0.125000
47 0.385547 0.243750 0.080469 0.131944
49 0.300000 0.237500 0.082813 0.130556
49 0.208203 0.232639 0.063281 0.126389
49 0.125781 0.234028 0.075000 0.126389
49 0.049609 0.236111 0.074219 0.130556
49 0.486328 0.813889 0.086719 0.155556
49 0.394922 0.803472 0.078906 0.134722
49 0.314453 0.808333 0.080469 0.144444
49 0.223828 0.801389 0.092969 0.141667
49 0.135547 0.804167 0.083594 0.147222
49 0.056641 0.815972 0.085156 0.143056
41 0.318359 0.697222 0.636719 0.063889
29 0.576953 0.582639 0.075781 0.131944
45 0.500391 0.597917 0.075781 0.112500
45 0.420703 0.598611 0.083594 0.113889
45 0.339063 0.599306 0.079687 0.112500
11 0.331250 0.384028 0.064062 0.143056
11 0.269141 0.387500 0.058594 0.144444
11 0.184766 0.390972 0.075781 0.134722
9 0.264844 0.590278 0.062500 0.108333
9 0.192578 0.595139 0.072656 0.120833
9 0.115234 0.600000 0.078906 0.105556
9 0.037891 0.595833 0.064844 0.113889
10 0.575391 0.388889 0.074219 0.152778
10 0.489453 0.387500 0.083594 0.144444
10 0.408984 0.390278 0.069531 0.150000
