37 0.944922 0.177778 0.103906 0.194444
37 0.899609 0.188889 0.067969 0.166667
38 0.799609 0.184028 0.130469 0.184722
29 0.626953 0.177778 0.124219 0.205556
29 0.530078 0.181250 0.074219 0.181944
37 0.438672 0.186111 0.113281 0.191667
37 0.318359 0.178472 0.124219 0.187500
37 0.184766 0.179861 0.139844 0.187500
23 0.940234 0.431250 0.113281 0.240278
16 0.813672 0.434028 0.136719 0.234722
16 0.661719 0.432639 0.134375 0.240278
16 0.517578 0.429167 0.141406 0.227778
32 0.372266 0.425694 0.141406 0.240278
17 0.225391 0.421528 0.150781 0.243056
17 0.077344 0.420139 0.154687 0.240278
27 0.094922 0.852083 0.150781 0.143056
27 0.112500 0.706944 0.185937 0.147222
41 0.550391 0.679861 0.605469 0.090278
13 0.801953 0.836111 0.186719 0.175000
13 0.948828 0.836806 0.102344 0.170833
