49 0.082813 0.272917 0.154687 0.145833
49 0.252734 0.272917 0.164844 0.118056
49 0.419141 0.270833 0.135156 0.136111
49 0.547656 0.263889 0.120312 0.122222
49 0.787500 0.257639 0.109375 0.118056
49 0.652344 0.260417 0.085938 0.120833
48 0.105078 0.402778 0.186719 0.102778
48 0.260156 0.395139 0.117188 0.090278
48 0.385547 0.393056 0.130469 0.094444
48 0.539062 0.390972 0.159375 0.084722
48 0.721094 0.386806 0.165625 0.095833
48 0.846875 0.379861 0.073437 0.095833
48 0.939062 0.372222 0.085938 0.063889
24 0.166016 0.518056 0.177344 0.147222
24 0.339063 0.515972 0.162500 0.129167
24 0.512109 0.510417 0.172656 0.104167
24 0.681250 0.523611 0.106250 0.108333
1 0.799609 0.521528 0.130469 0.093056
22 0.930078 0.527083 0.121094 0.095833
15 0.117188 0.656250 0.139062 0.131944
15 0.265234 0.655556 0.152344 0.116667
15 0.417188 0.643750 0.132812 0.126389
1 0.636719 0.658333 0.143750 0.136111
1 0.795703 0.663889 0.161719 0.133333
10 0.092578 0.119444 0.164844 0.144444
10 0.245703 0.115278 0.139844 0.161111
10 0.390234 0.117361 0.144531 0.140278
10 0.543750 0.119444 0.150000 0.136111
10 0.695703 0.121528 0.149219 0.148611
10 0.845703 0.122917 0.138281 0.123611
10 0.957812 0.130556 0.084375 0.122222
