19 0.141406 0.222222 0.129688 0.088889
19 0.272656 0.217361 0.128125 0.098611
19 0.407031 0.212500 0.128125 0.105556
19 0.543359 0.219444 0.132031 0.091667
19 0.674609 0.219444 0.139844 0.091667
19 0.819531 0.218056 0.142188 0.094444
19 0.951172 0.220833 0.080469 0.108333
20 0.207422 0.349306 0.125781 0.056944
20 0.208984 0.386111 0.135156 0.041667
20 0.282031 0.315972 0.114063 0.056944
20 0.375000 0.347917 0.126563 0.059722
20 0.373047 0.381944 0.122656 0.050000
20 0.506250 0.347917 0.125000 0.054167
20 0.506641 0.382639 0.125781 0.043056
21 0.650000 0.346528 0.109375 0.123611
21 0.785937 0.340972 0.132812 0.143056
21 0.925391 0.340972 0.132031 0.120833
7 0.241797 0.486111 0.138281 0.130556
7 0.385156 0.485417 0.121875 0.129167
7 0.515234 0.488194 0.138281 0.123611
7 0.655078 0.484722 0.135156 0.130556
7 0.803125 0.485417 0.132812 0.131944
7 0.930078 0.488889 0.116406 0.138889
5 0.245312 0.635417 0.151562 0.134722
5 0.404687 0.634722 0.145313 0.130556
5 0.547656 0.631250 0.145313 0.129167
5 0.698438 0.632639 0.150000 0.131944
5 0.841797 0.625000 0.132031 0.147222
16 0.114063 0.784722 0.118750 0.147222
16 0.232031 0.781944 0.117188 0.141667
16 0.380469 0.782639 0.125000 0.134722
