39 0.229687 0.249306 0.101562 0.115278
39 0.341797 0.249306 0.122656 0.131944
39 0.610937 0.252083 0.131250 0.137500
39 0.749219 0.247917 0.151562 0.137500
37 0.464063 0.248611 0.123438 0.141667
19 0.158203 0.398611 0.077344 0.108333
19 0.250781 0.392361 0.112500 0.112500
19 0.341016 0.395139 0.067969 0.115278
19 0.438672 0.392361 0.122656 0.112500
19 0.561328 0.394444 0.130469 0.116667
51 0.696875 0.398611 0.131250 0.113889
51 0.793750 0.399306 0.059375 0.115278
51 0.903125 0.404861 0.159375 0.129167
7 0.420703 0.543750 0.128906 0.168056
7 0.591797 0.552083 0.144531 0.168056
7 0.730469 0.551389 0.137500 0.166667
7 0.276563 0.536806 0.140625 0.154167
5 0.162500 0.533333 0.084375 0.147222
43 0.507422 0.693750 0.139844 0.098611
43 0.618750 0.695833 0.082813 0.105556
43 0.735937 0.715278 0.156250 0.125000
43 0.869141 0.713889 0.119531 0.133333
43 0.735547 0.873611 0.169531 0.166667
43 0.908984 0.883333 0.182031 0.197222
43 0.382812 0.675000 0.109375 0.072222
37 0.273828 0.727083 0.294531 0.084722
37 0.243750 0.887500 0.243750 0.113889
