7 0.753125 0.904167 0.121875 0.188889
7 0.918359 0.903472 0.135156 0.187500
7 0.614844 0.895139 0.143750 0.187500
16 0.832031 0.655556 0.110937 0.144444
16 0.710156 0.647917 0.114063 0.134722
16 0.498047 0.652778 0.077344 0.152778
16 0.403125 0.663889 0.110937 0.166667
16 0.132812 0.655556 0.126563 0.147222
16 0.266406 0.652778 0.103125 0.169444
6 0.801562 0.450000 0.137500 0.197222
6 0.650391 0.445139 0.117969 0.198611
5 0.511719 0.450000 0.126563 0.194444
5 0.376953 0.449306 0.124219 0.195833
5 0.232812 0.445833 0.135937 0.194444
5 0.104687 0.445833 0.117188 0.197222
3 0.617969 0.269444 0.106250 0.105556
3 0.528516 0.265972 0.071094 0.109722
3 0.442969 0.268056 0.098438 0.100000
3 0.347266 0.262500 0.091406 0.111111
3 0.256641 0.265972 0.089844 0.118056
3 0.116016 0.256944 0.133594 0.130556
22 0.815625 0.263889 0.123438 0.113889
17 0.881641 0.076389 0.099219 0.127778
17 0.766797 0.077083 0.122656 0.134722
17 0.637109 0.074306 0.135156 0.129167
17 0.507812 0.070139 0.123438 0.137500
17 0.360547 0.076389 0.125781 0.141667
17 0.231641 0.072222 0.132031 0.133333
17 0.094141 0.069444 0.142969 0.138889
23 0.274609 0.906250 0.138281 0.181944
