5 0.923437 0.710417 0.120312 0.165278
5 0.729297 0.712500 0.177344 0.152778
7 0.550781 0.705556 0.165625 0.163889
7 0.414844 0.698611 0.112500 0.155556
7 0.255469 0.690972 0.176563 0.134722
4 0.899609 0.520139 0.142969 0.159722
4 0.745703 0.511111 0.132031 0.155556
4 0.571875 0.509722 0.148438 0.155556
4 0.442969 0.518056 0.123438 0.138889
4 0.339453 0.508333 0.097656 0.125000
48 0.857031 0.390278 0.146875 0.088889
48 0.714453 0.388194 0.138281 0.084722
9 0.565625 0.390278 0.154687 0.083333
9 0.413672 0.394444 0.149219 0.075000
44 0.945703 0.262500 0.050781 0.105556
44 0.847266 0.265278 0.128906 0.113889
44 0.703906 0.266667 0.142188 0.111111
44 0.570312 0.265972 0.118750 0.109722
44 0.433203 0.266667 0.127344 0.113889
44 0.308203 0.265972 0.122656 0.112500
30 0.731250 0.122917 0.129688 0.118056
30 0.601172 0.123611 0.130469 0.119444
30 0.463281 0.127778 0.145313 0.111111
30 0.323828 0.130556 0.133594 0.116667
