19 0.135547 0.685417 0.114844 0.131944
19 0.272266 0.690972 0.121094 0.118056
19 0.399219 0.679167 0.114063 0.113889
19 0.527344 0.670833 0.134375 0.127778
4 0.935938 0.867361 0.118750 0.206944
36 0.795313 0.861111 0.128125 0.205556
36 0.733984 0.840278 0.092969 0.172222
5 0.544531 0.854861 0.128125 0.181944
5 0.413281 0.860417 0.134375 0.193056
5 0.273047 0.857639 0.135156 0.190278
7 0.146484 0.835417 0.107031 0.170833
22 0.037500 0.686806 0.065625 0.134722
32 0.044141 0.853472 0.088281 0.193056
19 0.710547 0.679167 0.114844 0.119444
50 0.933984 0.529167 0.130469 0.072222
50 0.916406 0.464583 0.125000 0.054167
50 0.805469 0.525694 0.125000 0.062500
51 0.677344 0.495833 0.121875 0.116667
51 0.287500 0.483333 0.093750 0.097222
51 0.166016 0.479861 0.096094 0.104167
45 0.932422 0.188194 0.119531 0.129167
45 0.807813 0.183333 0.125000 0.116667
45 0.686328 0.190278 0.114844 0.111111
45 0.567969 0.186111 0.121875 0.119444
46 0.440234 0.159722 0.125781 0.172222
46 0.310156 0.152083 0.128125 0.165278
46 0.187500 0.151389 0.117188 0.163889
46 0.071484 0.156944 0.103906 0.161111
47 0.136328 0.345139 0.133594 0.148611
27 0.727734 0.361111 0.116406 0.108333
30 0.610937 0.344444 0.109375 0.144444
52 0.501562 0.338889 0.101562 0.150000
33 0.385938 0.340972 0.112500 0.148611
33 0.269531 0.343056 0.107813 0.158333
