10 0.301562 0.070833 0.087500 0.130556
9 0.473828 0.080556 0.075781 0.125000
9 0.599219 0.079861 0.081250 0.104167
9 0.676953 0.077778 0.077344 0.108333
9 0.810938 0.079167 0.084375 0.111111
27 0.933984 0.083333 0.096094 0.102778
30 0.864844 0.223611 0.048437 0.133333
30 0.806641 0.222917 0.067969 0.131944
11 0.572266 0.209028 0.067969 0.129167
11 0.414062 0.221528 0.073437 0.129167
52 0.290234 0.220139 0.063281 0.131944
33 0.219531 0.222222 0.073437 0.130556
34 0.063672 0.222917 0.060156 0.140278
35 0.140625 0.221528 0.084375 0.143056
1 0.861328 0.359028 0.088281 0.104167
36 0.575391 0.365278 0.077344 0.105556
44 0.456641 0.365278 0.077344 0.113889
44 0.363281 0.361806 0.079687 0.131944
44 0.287891 0.365278 0.072656 0.111111
22 0.562891 0.503472 0.085156 0.120833
22 0.645312 0.501389 0.084375 0.119444
22 0.751953 0.502083 0.080469 0.112500
24 0.261328 0.507639 0.102344 0.098611
24 0.391406 0.497917 0.096875 0.093056
19 0.105078 0.631250 0.092969 0.106944
19 0.351953 0.635417 0.088281 0.104167
2 0.167187 0.813194 0.153125 0.187500
2 0.475391 0.822222 0.108594 0.152778
37 0.361719 0.822222 0.120312 0.161111
37 0.285547 0.810417 0.088281 0.187500
42 0.683594 0.803472 0.103125 0.181944
