22 0.140625 0.072917 0.131250 0.123611
22 0.269531 0.070833 0.121875 0.105556
22 0.409375 0.064583 0.123438 0.112500
22 0.538672 0.071528 0.128906 0.120833
22 0.669531 0.066667 0.121875 0.111111
22 0.798437 0.072222 0.126563 0.125000
22 0.920703 0.072917 0.102344 0.101389
22 0.156250 0.381944 0.118750 0.105556
22 0.271484 0.375694 0.105469 0.093056
22 0.138281 0.484028 0.120312 0.098611
22 0.257812 0.483333 0.101562 0.111111
22 0.373047 0.475000 0.122656 0.100000
22 0.503516 0.481250 0.119531 0.106944
22 0.631250 0.477778 0.118750 0.111111
22 0.756250 0.472222 0.118750 0.105556
22 0.882812 0.467361 0.118750 0.115278
12 0.132031 0.879167 0.148438 0.152778
12 0.283984 0.881944 0.149219 0.161111
12 0.427734 0.877778 0.138281 0.152778
12 0.572656 0.868750 0.143750 0.151389
13 0.176953 0.625694 0.171094 0.181944
13 0.335938 0.622222 0.143750 0.158333
13 0.484375 0.627083 0.142188 0.165278
13 0.628125 0.620139 0.139062 0.173611
13 0.780469 0.624306 0.164062 0.168056
13 0.925781 0.634722 0.073437 0.158333
23 0.160938 0.233333 0.150000 0.172222
23 0.312891 0.229167 0.108594 0.158333
17 0.437109 0.223611 0.130469 0.152778
17 0.560547 0.218056 0.116406 0.147222
17 0.682031 0.218750 0.118750 0.159722
3 0.760938 0.850000 0.132812 0.141667
3 0.903906 0.858333 0.137500 0.147222
