37 0.408984 0.140972 0.133594 0.065278
37 0.578906 0.140972 0.156250 0.070833
37 0.755469 0.144444 0.153125 0.061111
37 0.925781 0.141667 0.148438 0.063889
37 0.541406 0.212500 0.146875 0.055556
20 0.306641 0.266667 0.163281 0.063889
20 0.302344 0.322917 0.164062 0.059722
20 0.469141 0.261806 0.152344 0.065278
20 0.467187 0.326389 0.146875 0.055556
20 0.624219 0.270833 0.148438 0.055556
20 0.623438 0.327083 0.150000 0.062500
20 0.825000 0.264583 0.151562 0.065278
20 0.819531 0.319444 0.129688 0.069444
2 0.080078 0.463889 0.114844 0.133333
2 0.214453 0.462500 0.124219 0.127778
2 0.344922 0.459028 0.103906 0.120833
2 0.450000 0.449306 0.089062 0.118056
2 0.584375 0.459028 0.093750 0.129167
2 0.712500 0.463889 0.101562 0.158333
2 0.846094 0.459028 0.093750 0.143056
12 0.478125 0.614583 0.173438 0.109722
12 0.637109 0.615278 0.138281 0.113889
12 0.768359 0.613194 0.122656 0.112500
12 0.910937 0.614583 0.159375 0.140278
19 0.296094 0.777778 0.168750 0.125000
19 0.297266 0.872222 0.161719 0.100000
19 0.469141 0.861806 0.149219 0.143056
19 0.425000 0.750000 0.125000 0.116667
12 0.326562 0.613194 0.126563 0.120833
12 0.195703 0.629861 0.169531 0.123611
