14 0.787891 0.160417 0.128906 0.101389
14 0.662891 0.161806 0.121094 0.104167
14 0.538672 0.163889 0.127344 0.100000
14 0.410547 0.159028 0.128906 0.090278
15 0.284375 0.143056 0.109375 0.116667
15 0.174609 0.147917 0.114844 0.129167
15 0.076172 0.149306 0.082031 0.131944
15 0.125000 0.309722 0.118750 0.155556
15 0.767578 0.650000 0.135156 0.147222
15 0.636328 0.657639 0.127344 0.162500
15 0.498828 0.656944 0.121094 0.158333
15 0.371875 0.656944 0.132812 0.158333
15 0.233594 0.656944 0.125000 0.147222
15 0.094922 0.654861 0.119531 0.151389
15 0.119141 0.486806 0.124219 0.159722
15 0.250391 0.482639 0.125781 0.154167
15 0.384375 0.485417 0.132812 0.156944
15 0.519531 0.482639 0.128125 0.151389
15 0.654297 0.486111 0.117969 0.158333
15 0.788281 0.484028 0.121875 0.151389
15 0.815234 0.302083 0.122656 0.154167
15 0.676953 0.305556 0.132031 0.161111
15 0.551953 0.305556 0.113281 0.158333
15 0.404687 0.309722 0.123438 0.172222
15 0.275000 0.302778 0.125000 0.161111
36 0.842188 0.877778 0.137500 0.166667
36 0.713672 0.865972 0.119531 0.190278
36 0.591406 0.866667 0.125000 0.188889
36 0.458984 0.843056 0.130469 0.194444
36 0.324219 0.844444 0.139062 0.197222
36 0.184766 0.847917 0.139844 0.190278
