10 0.750391 0.832639 0.142969 0.173611
10 0.932031 0.835417 0.120312 0.170833
10 0.627344 0.830556 0.103125 0.163889
5 0.667188 0.638194 0.171875 0.173611
5 0.862500 0.619444 0.123438 0.138889
7 0.301562 0.629861 0.164062 0.173611
7 0.483594 0.637500 0.165625 0.163889
7 0.142578 0.634028 0.146094 0.170833
32 0.685938 0.338889 0.170312 0.155556
20 0.848828 0.288194 0.150781 0.054167
20 0.851172 0.334722 0.149219 0.058333
20 0.857813 0.388194 0.150000 0.054167
20 0.965234 0.294444 0.060156 0.052778
20 0.963281 0.341667 0.060938 0.050000
20 0.964063 0.388889 0.059375 0.061111
19 0.159375 0.193056 0.120312 0.100000
19 0.300000 0.191667 0.154687 0.097222
19 0.457031 0.177778 0.170312 0.133333
19 0.629687 0.197222 0.134375 0.102778
19 0.738672 0.180556 0.088281 0.116667
19 0.866016 0.195833 0.146094 0.113889
21 0.156250 0.344444 0.150000 0.166667
21 0.317578 0.333333 0.150781 0.155556
21 0.506250 0.345139 0.178125 0.143056
12 0.156641 0.479167 0.160156 0.094444
12 0.322656 0.488889 0.156250 0.097222
12 0.487891 0.485417 0.174219 0.126389
12 0.655469 0.472917 0.165625 0.115278
12 0.799609 0.489583 0.117969 0.118056
12 0.921875 0.478472 0.132812 0.106944
