27 0.634375 0.755556 0.093750 0.147222
27 0.627344 0.884722 0.087500 0.111111
27 0.539453 0.755556 0.088281 0.147222
27 0.533594 0.884028 0.095312 0.104167
27 0.445703 0.756944 0.082031 0.150000
27 0.350781 0.751389 0.093750 0.150000
27 0.257812 0.747222 0.092188 0.141667
27 0.441016 0.881944 0.089844 0.113889
27 0.345313 0.887500 0.101562 0.125000
27 0.250000 0.875694 0.087500 0.115278
51 0.160938 0.741667 0.095312 0.152778
51 0.064453 0.747222 0.097656 0.150000
51 0.156250 0.874306 0.092188 0.106944
51 0.058594 0.877083 0.095312 0.104167
9 0.595312 0.559028 0.081250 0.123611
9 0.513281 0.554861 0.082813 0.115278
37 0.431250 0.559028 0.081250 0.115278
37 0.350000 0.561806 0.081250 0.120833
37 0.267969 0.562500 0.082813 0.119444
37 0.423828 0.477778 0.414844 0.047222
5 0.190234 0.520833 0.072656 0.177778
5 0.111328 0.518750 0.085156 0.173611
37 0.590234 0.327778 0.080469 0.069444
37 0.508594 0.331250 0.081250 0.070833
37 0.508984 0.390278 0.082031 0.047222
29 0.431641 0.340972 0.071094 0.151389
29 0.359766 0.336806 0.072656 0.143056
29 0.287500 0.339583 0.071875 0.137500
10 0.202344 0.322917 0.089062 0.170833
10 0.114453 0.327778 0.086719 0.172222
10 0.049219 0.311806 0.043750 0.204167
18 0.329297 0.115972 0.086719 0.118056
18 0.243750 0.116667 0.084375 0.119444
18 0.159375 0.115972 0.084375 0.120833
18 0.072266 0.118750 0.089844 0.126389
37 0.595703 0.098611 0.096094 0.161111
37 0.460547 0.086111 0.110156 0.158333
