38 0.153906 0.202778 0.064062 0.125000
38 0.225391 0.203472 0.083594 0.140278
38 0.408203 0.195833 0.114844 0.150000
38 0.502344 0.200000 0.067188 0.141667
38 0.056641 0.367361 0.113281 0.151389
38 0.170312 0.365278 0.120312 0.150000
53 0.552344 0.367361 0.129688 0.159722
53 0.676953 0.364583 0.119531 0.165278
51 0.041016 0.523611 0.082031 0.133333
51 0.143359 0.523611 0.113281 0.125000
51 0.232031 0.513889 0.070312 0.133333
51 0.311719 0.518056 0.117188 0.116667
51 0.427344 0.521528 0.125000 0.120833
51 0.577734 0.514583 0.111719 0.123611
51 0.690625 0.511111 0.118750 0.108333
51 0.814453 0.516667 0.128906 0.127778
51 0.935938 0.522222 0.117188 0.133333
24 0.119922 0.654167 0.141406 0.155556
24 0.323047 0.658333 0.144531 0.138889
24 0.482031 0.659722 0.153125 0.150000
24 0.632812 0.656250 0.146875 0.143056
24 0.780078 0.650000 0.157031 0.161111
37 0.925781 0.664583 0.126563 0.140278
7 0.067188 0.828472 0.134375 0.179167
7 0.194531 0.816667 0.117188 0.155556
7 0.317969 0.820139 0.121875 0.162500
