27 0.810156 0.112500 0.126563 0.113889
27 0.687109 0.110417 0.119531 0.109722
50 0.519531 0.129167 0.135937 0.055556
50 0.531641 0.079167 0.105469 0.055556
50 0.446094 0.077083 0.068750 0.059722
50 0.371875 0.075000 0.079687 0.063889
50 0.385938 0.130556 0.115625 0.055556
51 0.276563 0.097222 0.106250 0.105556
51 0.164453 0.103472 0.114844 0.101389
51 0.055078 0.104167 0.110156 0.102778
49 0.406641 0.241667 0.113281 0.144444
49 0.294141 0.244444 0.111719 0.150000
49 0.176953 0.245139 0.122656 0.148611
49 0.066797 0.249306 0.097656 0.156944
49 0.651563 0.857639 0.135937 0.168056
49 0.528125 0.844444 0.110937 0.141667
49 0.414453 0.836111 0.116406 0.158333
49 0.287500 0.835417 0.123438 0.159722
49 0.170703 0.838889 0.110156 0.166667
49 0.068750 0.853472 0.137500 0.162500
47 0.781250 0.250694 0.129688 0.129167
47 0.656641 0.252778 0.108594 0.130556
47 0.527734 0.251389 0.122656 0.138889
45 0.689062 0.623611 0.110937 0.130556
45 0.574219 0.622917 0.118750 0.129167
45 0.458984 0.625694 0.111719 0.123611
10 0.789844 0.408333 0.125000 0.150000
10 0.671484 0.404861 0.111719 0.143056
10 0.560547 0.402778 0.110156 0.147222
11 0.449609 0.402778 0.100781 0.158333
11 0.367578 0.398611 0.082031 0.136111
11 0.244141 0.408333 0.100781 0.150000
11 0.194922 0.335417 0.002344 0.004167
52 0.145313 0.409028 0.093750 0.154167
52 0.050000 0.409028 0.096875 0.154167
9 0.354297 0.615972 0.091406 0.131944
9 0.256641 0.620139 0.103906 0.140278
9 0.148828 0.625694 0.111719 0.129167
9 0.048828 0.624306 0.088281 0.126389
29 0.803125 0.615278 0.098438 0.155556
