19 0.109766 0.134722 0.119531 0.105556
19 0.278125 0.133333 0.118750 0.116667
19 0.401563 0.130556 0.128125 0.094444
19 0.531250 0.134028 0.134375 0.112500
19 0.657422 0.134722 0.117969 0.105556
19 0.787500 0.130556 0.132812 0.102778
19 0.909766 0.138889 0.111719 0.113889
20 0.298828 0.240972 0.132031 0.068056
20 0.297266 0.297917 0.130469 0.054167
20 0.296094 0.348611 0.137500 0.050000
20 0.429688 0.243750 0.123438 0.062500
20 0.428516 0.295139 0.125781 0.056944
20 0.425000 0.343750 0.120312 0.054167
21 0.560156 0.287500 0.118750 0.158333
21 0.684375 0.282639 0.128125 0.165278
21 0.860547 0.282639 0.132031 0.173611
5 0.133594 0.467361 0.126563 0.162500
5 0.267969 0.472222 0.128125 0.169444
5 0.404297 0.468056 0.124219 0.152778
5 0.532031 0.474306 0.123438 0.165278
5 0.664844 0.473611 0.131250 0.166667
5 0.798437 0.468750 0.128125 0.165278
5 0.917188 0.472222 0.103125 0.177778
7 0.142188 0.643750 0.123438 0.151389
7 0.269141 0.641667 0.125781 0.147222
7 0.390234 0.641667 0.114844 0.161111
7 0.528906 0.645139 0.129688 0.162500
6 0.675000 0.643750 0.125000 0.159722
6 0.803125 0.647222 0.128125 0.166667
6 0.919141 0.641667 0.107031 0.172222
1 0.132422 0.880556 0.119531 0.125000
1 0.257031 0.872222 0.128125 0.141667
3 0.391016 0.875000 0.127344 0.152778
4 0.517578 0.859722 0.125781 0.191667
