24 0.242969 0.140278 0.151562 0.141667
24 0.385547 0.140278 0.133594 0.141667
24 0.533984 0.143056 0.135156 0.147222
24 0.671484 0.143056 0.136719 0.144444
24 0.816406 0.146528 0.139062 0.145833
24 0.249609 0.335417 0.138281 0.129167
24 0.385938 0.338889 0.126563 0.119444
24 0.520703 0.333333 0.133594 0.133333
24 0.660156 0.334722 0.126563 0.136111
24 0.788281 0.332639 0.134375 0.140278
22 0.263672 0.519444 0.114844 0.116667
22 0.382422 0.531250 0.110156 0.123611
22 0.489062 0.531944 0.098438 0.125000
22 0.594141 0.526389 0.108594 0.125000
22 0.703906 0.531250 0.110937 0.131944
22 0.812500 0.533333 0.104687 0.130556
22 0.899219 0.532639 0.053125 0.137500
24 0.281250 0.677083 0.106250 0.140278
24 0.387891 0.678472 0.105469 0.179167
24 0.495703 0.660417 0.111719 0.156944
17 0.608203 0.667361 0.113281 0.137500
17 0.718750 0.671528 0.100000 0.154167
17 0.828906 0.672222 0.115625 0.158333
37 0.262109 0.885417 0.111719 0.134722
37 0.366016 0.876389 0.086719 0.125000
13 0.482812 0.897917 0.137500 0.148611
13 0.622656 0.882639 0.135937 0.154167
16 0.763672 0.876389 0.122656 0.175000
16 0.882422 0.868750 0.105469 0.168056
