49 0.747656 0.793056 0.103125 0.188889
49 0.497266 0.809028 0.135156 0.206944
49 0.361719 0.804861 0.134375 0.206944
49 0.083203 0.398611 0.133594 0.208333
49 0.223047 0.399306 0.132031 0.212500
49 0.366797 0.399306 0.133594 0.215278
49 0.515234 0.402083 0.132031 0.215278
49 0.659766 0.400694 0.133594 0.218056
49 0.799609 0.400694 0.138281 0.206944
49 0.937891 0.396528 0.122656 0.215278
49 0.541406 0.165972 0.143750 0.223611
49 0.396094 0.165278 0.139062 0.205556
49 0.244922 0.168750 0.132031 0.212500
49 0.091406 0.161111 0.151562 0.216667
10 0.814453 0.153472 0.136719 0.237500
10 0.944141 0.155556 0.111719 0.241667
9 0.678125 0.190278 0.134375 0.161111
50 0.918750 0.908333 0.137500 0.127778
