4 0.515625 0.802778 0.126563 0.163889
3 0.388281 0.820833 0.121875 0.130556
1 0.256250 0.826389 0.128125 0.125000
1 0.130859 0.828472 0.122656 0.129167
6 0.910937 0.602778 0.093750 0.150000
6 0.792188 0.604167 0.121875 0.147222
6 0.668750 0.604167 0.125000 0.147222
7 0.517578 0.603472 0.125781 0.143056
7 0.386719 0.604167 0.120312 0.130556
7 0.266016 0.593056 0.114844 0.141667
7 0.133203 0.601389 0.121094 0.130556
5 0.134766 0.440972 0.124219 0.137500
5 0.266797 0.435417 0.113281 0.145833
5 0.397656 0.440278 0.121875 0.155556
5 0.521875 0.433333 0.120312 0.152778
5 0.653906 0.433333 0.118750 0.144444
5 0.786328 0.436111 0.122656 0.147222
5 0.908594 0.430556 0.104687 0.150000
37 0.903516 0.097917 0.108594 0.101389
37 0.778516 0.094444 0.130469 0.100000
37 0.648047 0.102778 0.119531 0.094444
37 0.525781 0.098611 0.125000 0.102778
37 0.395312 0.100000 0.123438 0.094444
37 0.268359 0.100000 0.130469 0.094444
37 0.180859 0.100000 0.044531 0.094444
37 0.103125 0.102778 0.110937 0.100000
21 0.827344 0.255556 0.104687 0.163889
21 0.678125 0.252083 0.125000 0.154167
21 0.549609 0.256250 0.128906 0.162500
20 0.416016 0.311111 0.121094 0.058333
20 0.415234 0.258333 0.119531 0.047222
20 0.416016 0.206250 0.119531 0.056944
20 0.285937 0.207639 0.128125 0.045833
20 0.282031 0.261806 0.135937 0.051389
20 0.284766 0.315972 0.133594 0.043056
37 0.894531 0.795139 0.095312 0.129167
37 0.781250 0.829861 0.131250 0.137500
37 0.651563 0.827778 0.125000 0.127778
