49 0.073047 0.878472 0.146094 0.234722
49 0.219531 0.880556 0.145313 0.238889
49 0.366016 0.883333 0.141406 0.233333
49 0.510547 0.872917 0.142969 0.234722
49 0.655078 0.874306 0.124219 0.251389
49 0.789453 0.873611 0.135156 0.213889
49 0.919922 0.875000 0.122656 0.216667
46 0.063281 0.623611 0.118750 0.244444
46 0.195703 0.622222 0.136719 0.236111
46 0.330078 0.622917 0.132031 0.229167
46 0.475781 0.618750 0.159375 0.234722
10 0.651953 0.627778 0.144531 0.241667
10 0.793359 0.625000 0.138281 0.236111
10 0.925391 0.625000 0.125781 0.236111
9 0.590625 0.412500 0.129688 0.150000
9 0.732422 0.417361 0.149219 0.156944
9 0.898047 0.417361 0.174219 0.156944
45 0.458594 0.413889 0.135937 0.158333
45 0.319531 0.418056 0.140625 0.166667
45 0.182812 0.413889 0.134375 0.158333
45 0.059375 0.412500 0.114063 0.166667
35 0.065625 0.219444 0.126563 0.194444
33 0.186719 0.216667 0.112500 0.186111
30 0.296484 0.223611 0.103906 0.183333
52 0.405859 0.227083 0.107031 0.195833
11 0.516797 0.222222 0.113281 0.186111
11 0.628906 0.220833 0.112500 0.197222
11 0.748828 0.220139 0.124219 0.201389
27 0.892187 0.250694 0.151562 0.148611
