22 0.851172 0.856944 0.075781 0.194444
22 0.768359 0.856944 0.083594 0.188889
22 0.693750 0.859722 0.059375 0.177778
22 0.669531 0.535417 0.070312 0.156944
22 0.591016 0.519444 0.083594 0.169444
22 0.507031 0.518750 0.084375 0.170833
22 0.418359 0.518750 0.088281 0.168056
22 0.098438 0.210417 0.065625 0.209722
23 0.841797 0.186111 0.078906 0.250000
17 0.463672 0.211111 0.077344 0.208333
17 0.378516 0.207639 0.083594 0.209722
17 0.269922 0.194444 0.085156 0.230556
17 0.172656 0.195139 0.079687 0.229167
20 0.323047 0.560417 0.097656 0.087500
20 0.332031 0.475000 0.081250 0.083333
19 0.227734 0.517361 0.092969 0.170833
19 0.131250 0.511111 0.087500 0.172222
12 0.760156 0.518056 0.087500 0.169444
12 0.851172 0.515972 0.077344 0.168056
37 0.610937 0.845139 0.082813 0.262500
37 0.534375 0.844444 0.062500 0.269444
37 0.438281 0.850694 0.070312 0.262500
37 0.363672 0.845139 0.055469 0.254167
37 0.273828 0.845833 0.085156 0.261111
37 0.203516 0.849306 0.085156 0.268056
36 0.123438 0.849306 0.078125 0.262500
36 0.049219 0.829167 0.051562 0.297222
10 0.643359 0.195139 0.091406 0.223611
10 0.555469 0.197222 0.084375 0.227778
