51 0.047266 0.088889 0.086719 0.113889
51 0.135156 0.086806 0.082813 0.115278
51 0.220703 0.086111 0.086719 0.116667
20 0.314063 0.112500 0.095312 0.075000
20 0.414062 0.117361 0.100000 0.065278
20 0.316406 0.069444 0.093750 0.069444
27 0.542969 0.089583 0.110937 0.112500
27 0.648828 0.092361 0.099219 0.118056
49 0.054688 0.227083 0.079687 0.137500
49 0.141016 0.227083 0.083594 0.151389
49 0.229297 0.231944 0.097656 0.152778
49 0.322266 0.230556 0.102344 0.155556
49 0.055859 0.795139 0.088281 0.170833
49 0.142969 0.784028 0.085938 0.162500
49 0.233594 0.788889 0.082813 0.147222
49 0.323047 0.790972 0.096094 0.154167
49 0.417578 0.783333 0.072656 0.180556
49 0.519141 0.816667 0.080469 0.183333
49 0.591797 0.790972 0.071094 0.179167
45 0.365234 0.590278 0.083594 0.130556
45 0.457422 0.594444 0.085156 0.136111
45 0.542188 0.593750 0.085938 0.134722
9 0.042578 0.582639 0.080469 0.115278
9 0.125000 0.585417 0.081250 0.129167
9 0.209766 0.577083 0.080469 0.145833
9 0.283203 0.574306 0.080469 0.162500
52 0.042578 0.387500 0.082031 0.158333
52 0.117188 0.379861 0.073437 0.162500
11 0.199219 0.383333 0.092188 0.158333
11 0.291406 0.380556 0.071875 0.141667
11 0.362500 0.386111 0.070312 0.152778
47 0.423047 0.236111 0.092969 0.138889
47 0.513672 0.231944 0.089844 0.141667
47 0.609375 0.234028 0.101562 0.143056
10 0.442578 0.386806 0.075781 0.143056
10 0.525781 0.386806 0.093750 0.165278
10 0.621094 0.394444 0.095312 0.158333
29 0.631641 0.591667 0.085156 0.144444
