45 0.065625 0.465972 0.128125 0.123611
45 0.190234 0.463889 0.114844 0.122222
45 0.308203 0.467361 0.124219 0.126389
45 0.917578 0.466667 0.119531 0.130556
45 0.805078 0.450000 0.097656 0.119444
36 0.949609 0.586806 0.100781 0.120833
23 0.909766 0.734722 0.096094 0.163889
23 0.816406 0.743056 0.090625 0.161111
23 0.730859 0.748611 0.080469 0.150000
23 0.658594 0.803472 0.109375 0.193056
23 0.514063 0.849306 0.112500 0.184722
23 0.398828 0.853472 0.117969 0.193056
23 0.281250 0.850694 0.110937 0.193056
23 0.164844 0.850000 0.120312 0.191667
23 0.058203 0.849306 0.116406 0.190278
23 0.753516 0.601389 0.113281 0.144444
23 0.428125 0.609722 0.112500 0.147222
23 0.310547 0.607639 0.122656 0.143056
23 0.168359 0.615972 0.105469 0.168056
37 0.581641 0.622917 0.119531 0.148611
37 0.527734 0.609722 0.075781 0.144444
26 0.844531 0.272917 0.131250 0.201389
26 0.716016 0.270833 0.125781 0.197222
26 0.588672 0.275000 0.128906 0.188889
26 0.464453 0.277083 0.119531 0.193056
26 0.342187 0.279167 0.125000 0.188889
26 0.216797 0.282639 0.125781 0.195833
26 0.082813 0.282639 0.165625 0.195833
11 0.078125 0.093750 0.126563 0.162500
11 0.198828 0.095139 0.114844 0.162500
11 0.313672 0.097917 0.114844 0.156944
11 0.436719 0.099306 0.093750 0.148611
11 0.542578 0.094444 0.111719 0.161111
35 0.752344 0.095139 0.106250 0.159722
48 0.449609 0.456250 0.119531 0.120833
48 0.572266 0.458333 0.125781 0.125000
