48 0.085547 0.155556 0.075781 0.133333
48 0.161328 0.150694 0.072656 0.137500
48 0.232031 0.150000 0.071875 0.136111
48 0.302344 0.152778 0.064062 0.138889
48 0.371484 0.143750 0.078906 0.145833
48 0.447266 0.147917 0.066406 0.137500
9 0.530469 0.148611 0.073437 0.136111
9 0.603516 0.138889 0.075781 0.144444
9 0.671094 0.140972 0.067188 0.148611
51 0.742969 0.152083 0.073437 0.134722
51 0.816016 0.150000 0.072656 0.136111
51 0.883594 0.149306 0.065625 0.137500
51 0.945312 0.151389 0.053125 0.141667
33 0.415234 0.325694 0.066406 0.162500
33 0.348047 0.326389 0.060156 0.169444
35 0.285937 0.322222 0.054688 0.166667
35 0.226953 0.319444 0.064844 0.155556
52 0.162109 0.320833 0.063281 0.158333
52 0.096484 0.326389 0.064844 0.169444
30 0.602344 0.336111 0.065625 0.141667
30 0.667188 0.328472 0.062500 0.145833
30 0.667969 0.521528 0.076563 0.162500
30 0.743359 0.515278 0.072656 0.166667
36 0.412109 0.522917 0.061719 0.170833
36 0.346094 0.520139 0.059375 0.156944
36 0.285156 0.514583 0.065625 0.154167
29 0.100391 0.520139 0.066406 0.148611
29 0.166016 0.517361 0.063281 0.154167
29 0.223047 0.513194 0.049219 0.154167
17 0.728516 0.862500 0.083594 0.247222
49 0.463672 0.878472 0.099219 0.234722
49 0.376953 0.879861 0.085156 0.240278
49 0.283984 0.879167 0.094531 0.241667
49 0.194922 0.875694 0.083594 0.240278
49 0.103125 0.879167 0.101562 0.241667
41 0.393750 0.695833 0.501562 0.080556
