52 0.080469 0.139583 0.106250 0.131944
10 0.208984 0.140972 0.125781 0.134722
10 0.328906 0.142361 0.109375 0.126389
33 0.450000 0.142361 0.137500 0.123611
33 0.584375 0.138889 0.134375 0.130556
33 0.715625 0.138889 0.121875 0.127778
33 0.834766 0.135417 0.114844 0.123611
27 0.076172 0.315278 0.089844 0.108333
27 0.197656 0.312500 0.150000 0.100000
11 0.354297 0.288889 0.144531 0.144444
11 0.498047 0.286111 0.141406 0.150000
11 0.570312 0.286806 0.054688 0.129167
48 0.664453 0.309722 0.150781 0.108333
48 0.812891 0.312500 0.152344 0.100000
50 0.074609 0.434722 0.091406 0.066667
50 0.173047 0.435417 0.105469 0.062500
50 0.301172 0.435417 0.152344 0.068056
50 0.458594 0.429861 0.162500 0.065278
50 0.612891 0.433333 0.147656 0.061111
50 0.739844 0.434722 0.104687 0.075000
50 0.841797 0.429167 0.099219 0.075000
36 0.073437 0.559028 0.085938 0.154167
36 0.181250 0.554861 0.134375 0.145833
22 0.332812 0.580556 0.129688 0.091667
22 0.500781 0.570833 0.154687 0.102778
22 0.603906 0.555556 0.075000 0.116667
15 0.081250 0.744444 0.089062 0.166667
15 0.175781 0.743750 0.093750 0.179167
15 0.359375 0.759722 0.187500 0.172222
15 0.541797 0.756944 0.167969 0.163889
16 0.704687 0.765972 0.164062 0.181944
16 0.846094 0.759722 0.110937 0.194444
19 0.719922 0.568056 0.158594 0.113889
19 0.842188 0.566667 0.106250 0.127778
