11 0.062109 0.133333 0.124219 0.161111
11 0.178125 0.128472 0.109375 0.159722
11 0.293359 0.129167 0.114844 0.155556
11 0.412500 0.129167 0.092188 0.136111
11 0.521875 0.131944 0.117188 0.138889
35 0.946094 0.136806 0.081250 0.126389
35 0.720703 0.133333 0.107031 0.138889
37 0.567187 0.641667 0.120312 0.166667
23 0.164844 0.640972 0.118750 0.145833
23 0.299219 0.631250 0.107813 0.129167
23 0.410547 0.626389 0.107031 0.119444
23 0.726562 0.629861 0.118750 0.137500
23 0.631250 0.811111 0.106250 0.152778
23 0.501562 0.843056 0.110937 0.211111
23 0.386328 0.863889 0.119531 0.194444
23 0.269531 0.861806 0.101562 0.176389
23 0.158984 0.861806 0.108594 0.170833
23 0.072656 0.854861 0.145313 0.170833
48 0.548047 0.481250 0.111719 0.126389
48 0.428906 0.481944 0.120312 0.125000
45 0.898438 0.498611 0.121875 0.119444
45 0.777344 0.468750 0.104687 0.104167
45 0.303516 0.501389 0.125781 0.119444
45 0.177344 0.499306 0.120312 0.120833
45 0.059766 0.495139 0.119531 0.131944
36 0.896875 0.597917 0.096875 0.076389
26 0.825781 0.311806 0.125000 0.187500
26 0.700391 0.309722 0.125781 0.183333
26 0.573438 0.309722 0.128125 0.183333
26 0.450000 0.310417 0.118750 0.184722
26 0.328516 0.308333 0.124219 0.188889
26 0.203906 0.313889 0.125000 0.200000
26 0.072656 0.317361 0.137500 0.193056
