23 0.206641 0.110417 0.082031 0.154167
24 0.216406 0.259722 0.073437 0.119444
37 0.267188 0.408333 0.081250 0.127778
37 0.185937 0.390972 0.070312 0.087500
22 0.294531 0.550000 0.046875 0.102778
22 0.229687 0.549306 0.075000 0.104167
22 0.153906 0.550000 0.076563 0.105556
22 0.080078 0.550000 0.071094 0.105556
37 0.168359 0.726389 0.316406 0.141667
37 0.172656 0.856250 0.345313 0.112500
22 0.908984 0.260417 0.075781 0.098611
17 0.941406 0.108333 0.059375 0.138889
17 0.868750 0.104167 0.076563 0.147222
17 0.789062 0.102778 0.082813 0.150000
17 0.709375 0.106250 0.075000 0.154167
17 0.630078 0.105556 0.080469 0.158333
17 0.551953 0.108333 0.080469 0.155556
17 0.472266 0.108333 0.078906 0.150000
3 0.798047 0.258333 0.063281 0.088889
3 0.695703 0.258333 0.063281 0.086111
3 0.578125 0.263889 0.056250 0.091667
3 0.486719 0.271528 0.082813 0.106944
5 0.640234 0.415278 0.077344 0.150000
5 0.560547 0.416667 0.082031 0.152778
5 0.483594 0.418750 0.071875 0.148611
6 0.959766 0.415972 0.057031 0.134722
6 0.886719 0.415972 0.079687 0.148611
6 0.800391 0.416667 0.077344 0.152778
16 0.921875 0.572917 0.062500 0.095833
16 0.660547 0.582639 0.074219 0.129167
16 0.510156 0.579167 0.073437 0.111111
7 0.865625 0.774306 0.078125 0.159722
7 0.786719 0.770139 0.078125 0.156944
23 0.575781 0.794444 0.087500 0.191667
