22 0.107422 0.179167 0.138281 0.088889
22 0.253125 0.184028 0.139062 0.095833
22 0.439063 0.184722 0.128125 0.086111
22 0.542578 0.185417 0.066406 0.104167
17 0.107031 0.315278 0.150000 0.155556
17 0.239844 0.313889 0.104687 0.136111
17 0.361328 0.311806 0.141406 0.145833
16 0.502344 0.312500 0.132812 0.144444
16 0.644531 0.317361 0.132812 0.145833
16 0.784766 0.310417 0.114844 0.134722
24 0.123828 0.491667 0.155469 0.130556
24 0.282422 0.488194 0.152344 0.118056
24 0.460156 0.472222 0.140625 0.111111
24 0.596484 0.470833 0.117969 0.102778
24 0.721484 0.470139 0.122656 0.109722
6 0.853516 0.473611 0.094531 0.138889
6 0.933594 0.496528 0.039062 0.115278
24 0.134375 0.647222 0.164062 0.130556
24 0.298438 0.648611 0.134375 0.113889
24 0.446094 0.647222 0.142188 0.111111
24 0.610937 0.649306 0.159375 0.118056
24 0.791797 0.650694 0.147656 0.115278
12 0.082031 0.847917 0.156250 0.126389
13 0.240234 0.841667 0.163281 0.141667
13 0.411328 0.852083 0.183594 0.143056
13 0.637500 0.852083 0.189063 0.156944
13 0.847266 0.864583 0.189844 0.151389
