34 0.084375 0.113194 0.103125 0.154167
31 0.889063 0.118750 0.092188 0.129167
31 0.783594 0.110417 0.100000 0.126389
31 0.677734 0.113194 0.108594 0.145833
31 0.576953 0.115972 0.088281 0.134722
31 0.483594 0.114583 0.096875 0.129167
31 0.385547 0.118750 0.100781 0.134722
31 0.285937 0.122917 0.100000 0.134722
31 0.186719 0.111806 0.089062 0.131944
10 0.898438 0.302083 0.109375 0.179167
10 0.768750 0.298611 0.115625 0.169444
10 0.648438 0.295139 0.117188 0.170833
10 0.533984 0.290278 0.105469 0.183333
10 0.409375 0.297917 0.117188 0.162500
10 0.301562 0.307639 0.101562 0.151389
10 0.167578 0.301389 0.114844 0.175000
48 0.608203 0.479861 0.114844 0.104167
48 0.496875 0.484028 0.107813 0.112500
48 0.387109 0.479861 0.111719 0.120833
48 0.276953 0.481944 0.108594 0.125000
48 0.168750 0.480556 0.109375 0.116667
48 0.062500 0.481944 0.103125 0.119444
36 0.304688 0.621528 0.089062 0.145833
36 0.160938 0.620833 0.087500 0.152778
36 0.073437 0.620833 0.078125 0.147222
37 0.867969 0.631944 0.117188 0.155556
37 0.757422 0.634722 0.113281 0.161111
37 0.649219 0.628472 0.104687 0.184722
23 0.553906 0.837500 0.092188 0.194444
23 0.437891 0.829861 0.105469 0.198611
23 0.257422 0.812500 0.110156 0.177778
23 0.139844 0.819444 0.125000 0.183333
23 0.043750 0.801389 0.070312 0.188889
37 0.757812 0.862500 0.154687 0.269444
37 0.910547 0.830556 0.142969 0.216667
