50 0.135547 0.308333 0.125781 0.080556
51 0.268750 0.270139 0.131250 0.123611
48 0.405469 0.272917 0.137500 0.129167
51 0.532031 0.268750 0.112500 0.126389
22 0.650000 0.274306 0.123438 0.131944
19 0.782031 0.277083 0.120312 0.123611
19 0.903125 0.275000 0.118750 0.127778
22 0.075781 0.890278 0.129688 0.138889
22 0.201562 0.887500 0.121875 0.133333
24 0.426172 0.687500 0.152344 0.172222
24 0.307031 0.656250 0.109375 0.129167
24 0.241406 0.656944 0.053125 0.119444
15 0.527734 0.461806 0.133594 0.162500
15 0.658203 0.464583 0.125781 0.168056
7 0.113281 0.466667 0.137500 0.175000
7 0.257812 0.465972 0.121875 0.176389
48 0.853125 0.881944 0.120312 0.125000
48 0.727734 0.881250 0.125781 0.123611
49 0.867578 0.685417 0.135156 0.184722
49 0.728516 0.684722 0.136719 0.177778
49 0.579687 0.688889 0.125000 0.172222
51 0.336328 0.888194 0.128906 0.131944
51 0.464063 0.879861 0.132812 0.129167
51 0.595703 0.879861 0.130469 0.129167
36 0.786719 0.468056 0.114063 0.177778
36 0.907422 0.470833 0.130469 0.177778
