4 0.197656 0.333333 0.100000 0.166667
4 0.095703 0.333333 0.103906 0.166667
16 0.495703 0.331250 0.097656 0.170833
16 0.397266 0.332639 0.099219 0.173611
16 0.299219 0.329167 0.096875 0.180556
49 0.796484 0.339583 0.096094 0.162500
49 0.710938 0.339583 0.075000 0.162500
49 0.625391 0.340278 0.096094 0.161111
37 0.091406 0.574306 0.082813 0.129167
37 0.192578 0.568750 0.105469 0.134722
9 0.293750 0.570139 0.089062 0.126389
45 0.387891 0.571528 0.092969 0.129167
48 0.705469 0.575000 0.092188 0.127778
48 0.643750 0.577083 0.031250 0.131944
48 0.579297 0.573611 0.097656 0.138889
48 0.483984 0.571528 0.092969 0.134722
51 0.866797 0.570139 0.096094 0.131944
51 0.780078 0.571528 0.055469 0.143056
50 0.960547 0.544444 0.047656 0.080556
50 0.957812 0.609722 0.045313 0.061111
50 0.928516 0.543056 0.027344 0.077778
50 0.930078 0.602083 0.028906 0.054167
35 0.967578 0.794444 0.036719 0.186111
34 0.909766 0.797917 0.072656 0.181944
33 0.823438 0.794444 0.085938 0.180556
52 0.728125 0.788194 0.087500 0.193056
30 0.630078 0.794444 0.086719 0.180556
11 0.539062 0.789583 0.089062 0.198611
25 0.444922 0.786111 0.086719 0.191667
25 0.350781 0.796528 0.090625 0.190278
25 0.262109 0.793056 0.083594 0.183333
25 0.173828 0.791667 0.092969 0.180556
25 0.082813 0.795833 0.089062 0.172222
23 0.886328 0.340972 0.080469 0.170833
23 0.958203 0.339583 0.052344 0.179167
