24 0.237891 0.076389 0.161719 0.119444
24 0.393359 0.071528 0.155469 0.129167
24 0.546484 0.065972 0.146094 0.131944
24 0.692578 0.062500 0.139844 0.125000
24 0.853906 0.065972 0.131250 0.131944
24 0.225391 0.247222 0.149219 0.136111
24 0.373437 0.243056 0.143750 0.147222
24 0.525781 0.247917 0.146875 0.137500
24 0.673047 0.254167 0.138281 0.133333
24 0.812500 0.243056 0.132812 0.152778
22 0.226562 0.448611 0.118750 0.122222
22 0.356641 0.449306 0.124219 0.115278
22 0.481250 0.446528 0.114063 0.126389
22 0.598828 0.442361 0.121094 0.134722
22 0.719141 0.447917 0.113281 0.123611
22 0.839453 0.442361 0.111719 0.118056
22 0.930078 0.445833 0.067969 0.119444
37 0.308594 0.368750 0.098438 0.045833
37 0.596484 0.367361 0.435156 0.037500
37 0.904688 0.363889 0.093750 0.052778
24 0.228516 0.600694 0.128906 0.195833
24 0.357031 0.602083 0.123438 0.165278
24 0.484375 0.598611 0.121875 0.158333
17 0.612891 0.591667 0.135156 0.144444
17 0.729688 0.593750 0.106250 0.168056
17 0.850000 0.593750 0.129688 0.165278
12 0.200391 0.832639 0.128906 0.154167
12 0.319531 0.821528 0.120312 0.145833
13 0.455078 0.820833 0.161719 0.188889
13 0.611328 0.820139 0.147656 0.187500
16 0.770703 0.806944 0.142969 0.208333
16 0.906250 0.813194 0.120312 0.204167
