37 0.966406 0.185417 0.067188 0.190278
38 0.860937 0.188889 0.096875 0.183333
29 0.745703 0.179861 0.086719 0.193056
29 0.678906 0.182639 0.046875 0.198611
37 0.613281 0.190278 0.089062 0.183333
37 0.527734 0.186111 0.086719 0.180556
37 0.432422 0.185417 0.099219 0.181944
37 0.244531 0.211111 0.101562 0.125000
37 0.146484 0.195139 0.085156 0.156944
37 0.049219 0.193056 0.098438 0.169444
21 0.050000 0.413889 0.100000 0.227778
4 0.148828 0.415278 0.096094 0.233333
4 0.248828 0.417361 0.097656 0.226389
17 0.351953 0.417361 0.107031 0.226389
17 0.457812 0.422917 0.101562 0.226389
32 0.558203 0.429167 0.099219 0.213889
16 0.658984 0.430556 0.100781 0.233333
16 0.763281 0.424306 0.103125 0.218056
16 0.868359 0.429861 0.099219 0.218056
23 0.958984 0.425694 0.078906 0.234722
13 0.855859 0.812500 0.133594 0.183333
13 0.958984 0.815972 0.082031 0.168056
27 0.367188 0.701389 0.109375 0.147222
27 0.366797 0.834028 0.099219 0.126389
5 0.248047 0.784028 0.102344 0.245833
5 0.142188 0.783333 0.109375 0.244444
41 0.683203 0.668750 0.433594 0.090278
