32 0.041797 0.831250 0.083594 0.193056
4 0.931641 0.845139 0.128906 0.204167
36 0.790234 0.845833 0.132031 0.205556
36 0.725781 0.822222 0.087500 0.169444
5 0.539062 0.840278 0.126563 0.188889
5 0.410547 0.838194 0.122656 0.187500
5 0.266797 0.831250 0.122656 0.204167
45 0.901172 0.174306 0.113281 0.126389
45 0.782812 0.168750 0.123438 0.115278
45 0.660937 0.170139 0.120312 0.112500
45 0.543359 0.171528 0.114844 0.106944
46 0.421484 0.141667 0.121094 0.163889
46 0.301562 0.140972 0.118750 0.162500
46 0.174219 0.138889 0.115625 0.161111
46 0.060156 0.138194 0.103125 0.159722
27 0.707031 0.344444 0.118750 0.116667
30 0.594531 0.325000 0.106250 0.144444
52 0.483203 0.324306 0.105469 0.165278
33 0.373047 0.318750 0.111719 0.148611
33 0.261719 0.324306 0.109375 0.154167
47 0.128125 0.329861 0.128125 0.143056
51 0.662891 0.475694 0.122656 0.120833
51 0.281250 0.462500 0.089062 0.097222
51 0.160938 0.467361 0.090625 0.093056
50 0.786719 0.506944 0.114063 0.061111
20 0.896484 0.632639 0.141406 0.076389
20 0.910547 0.698611 0.130469 0.063889
19 0.695312 0.662500 0.125000 0.138889
19 0.525781 0.665278 0.120312 0.136111
19 0.400391 0.656944 0.130469 0.122222
19 0.267578 0.659722 0.122656 0.133333
19 0.135547 0.663889 0.124219 0.133333
22 0.036719 0.659028 0.065625 0.134722
