1 0.189453 0.109722 0.121094 0.100000
1 0.313672 0.108333 0.119531 0.088889
1 0.431641 0.107639 0.107031 0.098611
15 0.548828 0.102778 0.111719 0.113889
15 0.662109 0.102778 0.100781 0.119444
15 0.763672 0.103472 0.100781 0.120833
15 0.873047 0.103472 0.108594 0.123611
15 0.286719 0.259722 0.096875 0.163889
15 0.396094 0.254861 0.115625 0.156944
15 0.518359 0.265278 0.114844 0.166667
15 0.643359 0.259722 0.132031 0.147222
15 0.775391 0.259028 0.124219 0.143056
15 0.895703 0.256250 0.116406 0.154167
15 0.269141 0.447222 0.124219 0.152778
15 0.394531 0.430556 0.126563 0.138889
15 0.521484 0.432639 0.119531 0.159722
15 0.648047 0.425694 0.139844 0.154167
15 0.780078 0.429167 0.125781 0.155556
15 0.895703 0.438889 0.105469 0.163889
15 0.279297 0.615972 0.110156 0.140278
15 0.400391 0.608333 0.122656 0.136111
15 0.528125 0.611111 0.125000 0.138889
15 0.655859 0.612500 0.127344 0.150000
15 0.785156 0.610417 0.123438 0.134722
15 0.907422 0.615972 0.110156 0.143056
36 0.928906 0.836111 0.110937 0.202778
36 0.794531 0.836806 0.162500 0.206944
36 0.646875 0.831250 0.131250 0.209722
36 0.513281 0.830556 0.139062 0.197222
