48 0.072266 0.185417 0.072656 0.101389
48 0.147266 0.184028 0.075781 0.101389
48 0.221875 0.179167 0.073437 0.105556
48 0.293750 0.179167 0.075000 0.125000
48 0.367578 0.180556 0.074219 0.116667
48 0.431250 0.176389 0.060938 0.116667
9 0.535156 0.185417 0.078125 0.126389
9 0.608594 0.176389 0.067188 0.119444
9 0.679297 0.181944 0.071094 0.116667
51 0.752734 0.180556 0.072656 0.108333
51 0.823828 0.177778 0.075781 0.108333
52 0.084766 0.325694 0.078906 0.145833
52 0.151953 0.322222 0.058594 0.144444
35 0.216797 0.322917 0.064844 0.134722
35 0.281250 0.320833 0.059375 0.141667
33 0.343359 0.319444 0.066406 0.138889
33 0.413672 0.322917 0.071094 0.143056
30 0.608203 0.325694 0.072656 0.129167
30 0.680469 0.319444 0.067188 0.133333
29 0.083203 0.484722 0.060156 0.136111
29 0.146484 0.481944 0.061719 0.127778
29 0.207813 0.481250 0.064062 0.126389
36 0.275781 0.481250 0.071875 0.126389
36 0.346484 0.483333 0.060156 0.138889
36 0.410156 0.489583 0.062500 0.143056
37 0.681641 0.483333 0.083594 0.136111
37 0.758594 0.485417 0.067188 0.143056
49 0.064453 0.763889 0.108594 0.175000
49 0.159375 0.763194 0.076563 0.179167
49 0.241406 0.761806 0.090625 0.181944
49 0.327734 0.767361 0.080469 0.193056
49 0.417188 0.757639 0.101562 0.176389
17 0.696875 0.740972 0.085938 0.212500
