34 0.053906 0.197917 0.107813 0.120833
31 0.953125 0.199306 0.085938 0.126389
31 0.846484 0.196528 0.111719 0.118056
31 0.795703 0.197222 0.042969 0.108333
31 0.717578 0.196528 0.119531 0.112500
31 0.603516 0.197917 0.110156 0.115278
31 0.493359 0.200694 0.110156 0.109722
31 0.384375 0.204167 0.107813 0.116667
31 0.275781 0.205556 0.109375 0.113889
31 0.166016 0.204167 0.110156 0.111111
10 0.939453 0.336111 0.117969 0.138889
10 0.801953 0.329167 0.130469 0.125000
10 0.669531 0.334722 0.121875 0.147222
10 0.539844 0.336111 0.139062 0.141667
10 0.397266 0.338194 0.146094 0.137500
10 0.265234 0.337500 0.117969 0.136111
10 0.144531 0.341667 0.123438 0.127778
48 0.593750 0.464583 0.121875 0.095833
48 0.475391 0.464583 0.114844 0.095833
48 0.355859 0.468750 0.124219 0.087500
48 0.235938 0.470833 0.115625 0.091667
48 0.117188 0.470139 0.121875 0.093056
36 0.221094 0.562500 0.096875 0.108333
36 0.061719 0.562500 0.104687 0.091667
37 0.886328 0.583333 0.127344 0.127778
37 0.762109 0.585417 0.121094 0.131944
37 0.648828 0.590278 0.119531 0.138889
37 0.519922 0.563889 0.092969 0.108333
37 0.736719 0.740972 0.173438 0.176389
23 0.503906 0.721528 0.114063 0.137500
23 0.379297 0.718750 0.114844 0.143056
23 0.159766 0.697917 0.130469 0.120833
23 0.048437 0.695139 0.085938 0.137500
