20 0.497266 0.322917 0.117969 0.059722
20 0.497266 0.368750 0.117969 0.048611
20 0.369141 0.325000 0.125781 0.044444
20 0.303125 0.274306 0.109375 0.056944
20 0.368359 0.369444 0.116406 0.052778
20 0.214062 0.318750 0.135937 0.056944
20 0.220313 0.372222 0.132812 0.052778
21 0.897656 0.316667 0.110937 0.155556
21 0.751172 0.315278 0.116406 0.155556
21 0.631641 0.326389 0.122656 0.177778
19 0.914062 0.177778 0.071875 0.119444
19 0.771094 0.176389 0.120312 0.100000
19 0.646094 0.178472 0.120312 0.098611
19 0.523047 0.178472 0.125781 0.098611
19 0.397656 0.179861 0.125000 0.095833
19 0.273047 0.181944 0.113281 0.097222
19 0.143750 0.176389 0.121875 0.097222
7 0.908594 0.493750 0.118750 0.168056
7 0.783594 0.488194 0.131250 0.156944
7 0.650391 0.493750 0.127344 0.154167
7 0.520312 0.498611 0.132812 0.163889
7 0.386719 0.496528 0.123438 0.159722
7 0.254297 0.494444 0.130469 0.163889
7 0.123438 0.493056 0.131250 0.161111
5 0.931250 0.672222 0.101562 0.161111
5 0.834766 0.675000 0.121094 0.169444
5 0.698438 0.672222 0.129688 0.175000
5 0.557422 0.673611 0.133594 0.169444
5 0.418750 0.673611 0.134375 0.169444
5 0.260156 0.670833 0.126563 0.169444
5 0.182422 0.677778 0.088281 0.155556
16 0.412500 0.859028 0.146875 0.168056
16 0.267188 0.861111 0.132812 0.177778
16 0.132812 0.862500 0.120312 0.175000
37 0.802734 0.909028 0.138281 0.151389
37 0.936719 0.911806 0.120312 0.168056
