15 0.059766 0.084722 0.102344 0.150000
15 0.171484 0.075694 0.114844 0.137500
15 0.289844 0.079167 0.115625 0.150000
15 0.847656 0.065972 0.135937 0.126389
15 0.448438 0.264583 0.154687 0.231944
15 0.616406 0.259722 0.142188 0.238889
15 0.780078 0.259028 0.135156 0.226389
15 0.924609 0.266667 0.149219 0.255556
6 0.135937 0.264583 0.142188 0.223611
6 0.294141 0.270833 0.139844 0.216667
48 0.058984 0.556250 0.099219 0.148611
48 0.157031 0.551389 0.100000 0.150000
48 0.277734 0.548611 0.135156 0.147222
37 0.492188 0.452778 0.479688 0.055556
45 0.649609 0.556944 0.144531 0.150000
45 0.419531 0.554167 0.084375 0.147222
51 0.519922 0.557639 0.113281 0.148611
51 0.791406 0.554167 0.134375 0.155556
9 0.917188 0.553472 0.114063 0.168056
50 0.924219 0.771528 0.151562 0.112500
50 0.923437 0.864583 0.153125 0.104167
10 0.777344 0.776389 0.140625 0.238889
10 0.602734 0.777778 0.155469 0.252778
46 0.081250 0.800694 0.157813 0.268056
46 0.247266 0.800000 0.163281 0.266667
46 0.383984 0.784028 0.110156 0.254167
46 0.476953 0.768056 0.082031 0.236111
