15 0.093750 0.108333 0.134375 0.188889
15 0.246484 0.101389 0.135156 0.183333
15 0.389453 0.109722 0.139844 0.175000
15 0.091016 0.295139 0.138281 0.173611
15 0.400391 0.293056 0.135156 0.172222
15 0.707812 0.286806 0.145313 0.165278
15 0.840234 0.465278 0.157031 0.172222
15 0.685938 0.468750 0.151562 0.170833
15 0.538672 0.469444 0.142969 0.169444
15 0.392969 0.468056 0.148438 0.166667
15 0.243359 0.464583 0.133594 0.165278
15 0.100000 0.467361 0.153125 0.170833
15 0.102344 0.638194 0.148438 0.154167
15 0.248047 0.634722 0.135156 0.155556
15 0.419531 0.636111 0.128125 0.152778
15 0.560156 0.641667 0.153125 0.163889
15 0.707812 0.641667 0.142188 0.163889
15 0.851953 0.643056 0.146094 0.166667
15 0.708984 0.834722 0.172656 0.188889
15 0.529688 0.839583 0.148438 0.181944
15 0.358203 0.840278 0.139844 0.169444
