23 0.433203 0.842361 0.160156 0.201389
46 0.647266 0.811806 0.144531 0.201389
46 0.300000 0.787500 0.110937 0.155556
49 0.761719 0.602778 0.157813 0.169444
49 0.133203 0.609722 0.105469 0.169444
49 0.510938 0.421528 0.159375 0.176389
49 0.832031 0.427778 0.156250 0.163889
11 0.353125 0.430556 0.137500 0.172222
11 0.211719 0.428472 0.135937 0.168056
11 0.094922 0.429861 0.108594 0.170833
51 0.704297 0.253472 0.117969 0.104167
51 0.546875 0.263889 0.151562 0.119444
51 0.396875 0.267361 0.146875 0.120833
51 0.247266 0.263194 0.149219 0.126389
51 0.094922 0.263194 0.155469 0.126389
45 0.897656 0.082639 0.159375 0.151389
45 0.747266 0.091667 0.142969 0.113889
45 0.358594 0.096528 0.073437 0.112500
45 0.266797 0.104167 0.117969 0.091667
45 0.150000 0.104167 0.115625 0.091667
48 0.467578 0.096528 0.142969 0.112500
