37 0.131250 0.188194 0.096875 0.120833
37 0.250000 0.179861 0.134375 0.126389
37 0.387109 0.183333 0.130469 0.119444
3 0.522656 0.187500 0.134375 0.105556
3 0.639844 0.182639 0.101562 0.112500
1 0.783594 0.181944 0.132812 0.122222
1 0.917578 0.184028 0.127344 0.112500
15 0.143750 0.338194 0.093750 0.131944
15 0.245703 0.334722 0.103906 0.133333
15 0.350000 0.340278 0.101562 0.136111
15 0.860937 0.336111 0.120312 0.136111
15 0.489453 0.513889 0.132031 0.158333
15 0.633203 0.513194 0.124219 0.148611
15 0.775000 0.518056 0.117188 0.155556
15 0.922266 0.515972 0.127344 0.170833
6 0.213672 0.515972 0.128906 0.154167
6 0.352344 0.520833 0.117188 0.155556
48 0.142188 0.677778 0.079687 0.125000
48 0.231641 0.675694 0.085156 0.101389
48 0.334766 0.678472 0.110156 0.093056
45 0.664453 0.703472 0.127344 0.115278
51 0.792969 0.696528 0.120312 0.118056
51 0.544531 0.690972 0.107813 0.120833
9 0.906250 0.692361 0.106250 0.118056
50 0.910547 0.886806 0.139844 0.137500
10 0.618359 0.864583 0.125781 0.170833
10 0.776953 0.856944 0.117969 0.152778
46 0.158203 0.884722 0.128906 0.177778
46 0.307422 0.883333 0.128906 0.180556
