24 0.105078 0.638889 0.182031 0.130556
24 0.263672 0.643056 0.139844 0.138889
24 0.417578 0.639583 0.164844 0.137500
24 0.793750 0.354861 0.162500 0.118056
24 0.625781 0.354861 0.173438 0.118056
24 0.649219 0.651389 0.153125 0.111111
24 0.535937 0.636806 0.073437 0.123611
24 0.489844 0.636111 0.075000 0.113889
23 0.085156 0.136111 0.157813 0.163889
22 0.925000 0.502083 0.106250 0.115278
22 0.801953 0.503472 0.139844 0.118056
22 0.661328 0.502778 0.141406 0.119444
22 0.518750 0.499306 0.143750 0.112500
22 0.376172 0.498611 0.141406 0.113889
22 0.232812 0.496528 0.145313 0.109722
22 0.088672 0.490972 0.142969 0.120833
17 0.935547 0.881944 0.122656 0.202778
17 0.754297 0.881250 0.158594 0.198611
17 0.606250 0.885417 0.137500 0.206944
17 0.455469 0.884028 0.164062 0.209722
17 0.116406 0.878472 0.160938 0.215278
17 0.920703 0.144444 0.094531 0.166667
17 0.831641 0.154861 0.080469 0.140278
17 0.716016 0.152083 0.150781 0.134722
17 0.569922 0.142361 0.141406 0.154167
17 0.422266 0.140972 0.153906 0.151389
16 0.283203 0.880556 0.174219 0.222222
13 0.443750 0.354861 0.168750 0.131944
13 0.270312 0.351389 0.175000 0.130556
13 0.097266 0.347222 0.171094 0.138889
