53 0.448828 0.166667 0.077344 0.113889
53 0.535937 0.163889 0.107813 0.105556
53 0.635547 0.161806 0.092969 0.095833
53 0.758594 0.163194 0.110937 0.126389
53 0.850000 0.159722 0.078125 0.125000
53 0.935547 0.165972 0.092969 0.112500
0 0.203516 0.429861 0.108594 0.123611
0 0.313672 0.429861 0.110156 0.126389
0 0.427734 0.427778 0.105469 0.127778
0 0.534766 0.425000 0.108594 0.133333
0 0.644141 0.426389 0.105469 0.141667
37 0.192578 0.288889 0.100781 0.111111
37 0.294531 0.290278 0.100000 0.111111
37 0.392188 0.294444 0.089062 0.111111
8 0.773047 0.565278 0.099219 0.122222
8 0.874609 0.568750 0.103906 0.143056
40 0.169531 0.709722 0.100000 0.141667
40 0.297266 0.697222 0.099219 0.141667
40 0.404297 0.694444 0.099219 0.136111
40 0.510938 0.691667 0.103125 0.130556
40 0.619531 0.704861 0.107813 0.170833
40 0.731250 0.712500 0.100000 0.169444
