45 0.153125 0.097222 0.112500 0.108333
45 0.271875 0.090278 0.107813 0.111111
45 0.728125 0.077778 0.132812 0.127778
45 0.876172 0.071528 0.147656 0.109722
48 0.456250 0.079861 0.137500 0.140278
51 0.702734 0.265972 0.116406 0.101389
51 0.534375 0.250000 0.146875 0.116667
51 0.388672 0.253472 0.146094 0.106944
51 0.239453 0.247222 0.152344 0.119444
51 0.090625 0.247917 0.145313 0.115278
49 0.820312 0.431944 0.132812 0.163889
49 0.497656 0.433333 0.165625 0.166667
11 0.346094 0.429861 0.132812 0.181944
11 0.206641 0.432639 0.146094 0.187500
11 0.101172 0.430556 0.107031 0.175000
49 0.752344 0.622917 0.159375 0.179167
49 0.113672 0.622917 0.132031 0.179167
46 0.646094 0.852778 0.153125 0.200000
46 0.295703 0.823611 0.117969 0.188889
23 0.419531 0.886111 0.159375 0.219444
