5 0.101953 0.634028 0.142969 0.165278
5 0.242188 0.633333 0.137500 0.166667
5 0.384766 0.636806 0.141406 0.165278
5 0.526563 0.640972 0.139062 0.184722
5 0.664453 0.634722 0.130469 0.172222
5 0.797656 0.629861 0.135937 0.170833
5 0.927344 0.631250 0.109375 0.176389
19 0.044141 0.850694 0.088281 0.129167
19 0.168750 0.847917 0.142188 0.118056
19 0.317578 0.861806 0.146094 0.151389
19 0.468750 0.847917 0.148438 0.134722
19 0.614844 0.836806 0.132812 0.134722
19 0.766406 0.837500 0.132812 0.138889
19 0.913672 0.836806 0.142969 0.143056
7 0.089453 0.462500 0.128906 0.166667
7 0.225391 0.456944 0.144531 0.163889
7 0.375000 0.463889 0.135937 0.169444
7 0.512891 0.460417 0.133594 0.165278
7 0.650391 0.462500 0.132031 0.163889
6 0.786719 0.462500 0.129688 0.163889
6 0.918359 0.461111 0.133594 0.175000
21 0.907422 0.287500 0.136719 0.163889
19 0.090625 0.313889 0.137500 0.111111
19 0.230859 0.313889 0.141406 0.122222
19 0.368750 0.304167 0.128125 0.119444
19 0.507812 0.299306 0.128125 0.123611
19 0.639453 0.306250 0.127344 0.123611
19 0.772656 0.305556 0.129688 0.122222
20 0.090234 0.047222 0.132031 0.063889
20 0.234766 0.047917 0.141406 0.051389
20 0.228516 0.104167 0.132031 0.055556
20 0.227734 0.156944 0.136719 0.055556
20 0.088281 0.104167 0.129688 0.055556
20 0.090625 0.156944 0.132812 0.058333
20 0.380469 0.050694 0.117188 0.059722
20 0.378906 0.106250 0.114063 0.062500
20 0.378516 0.145833 0.110156 0.069444
20 0.501172 0.048611 0.108594 0.055556
20 0.502344 0.102778 0.112500 0.058333
20 0.497656 0.150000 0.115625 0.047222
20 0.642187 0.050694 0.132812 0.059722
20 0.641797 0.101389 0.132031 0.044444
20 0.639063 0.152083 0.135937 0.056944
20 0.788672 0.053472 0.141406 0.062500
20 0.788281 0.104861 0.134375 0.045833
20 0.782812 0.154861 0.132812 0.043056
20 0.934375 0.048611 0.112500 0.052778
20 0.928906 0.101389 0.117188 0.055556
20 0.932422 0.156250 0.119531 0.068056
