17 0.471875 0.145833 0.154687 0.175000
17 0.618359 0.145139 0.138281 0.179167
17 0.766797 0.142361 0.153906 0.162500
17 0.883203 0.142361 0.082031 0.173611
17 0.956250 0.152083 0.068750 0.162500
13 0.165234 0.365972 0.169531 0.134722
13 0.330469 0.364583 0.160938 0.120833
13 0.495703 0.368750 0.171094 0.143056
24 0.662109 0.378472 0.158594 0.134722
24 0.829297 0.374306 0.171094 0.137500
24 0.192578 0.654861 0.158594 0.129167
24 0.333594 0.653472 0.115625 0.126389
24 0.473828 0.660417 0.158594 0.112500
24 0.594141 0.663194 0.082031 0.123611
24 0.721094 0.662500 0.110937 0.105556
24 0.892187 0.668056 0.100000 0.105556
17 0.209375 0.875694 0.143750 0.193056
17 0.503516 0.871528 0.135156 0.159722
17 0.630469 0.868750 0.142188 0.159722
17 0.768750 0.880556 0.140625 0.169444
17 0.923437 0.868056 0.128125 0.222222
22 0.165625 0.515278 0.132812 0.127778
22 0.296484 0.514583 0.133594 0.120833
22 0.431250 0.514583 0.129688 0.120833
22 0.567578 0.519444 0.128906 0.111111
22 0.702344 0.518056 0.135937 0.119444
22 0.839844 0.517361 0.132812 0.112500
22 0.948047 0.524306 0.072656 0.126389
16 0.358594 0.855556 0.154687 0.213889
