16 0.359766 0.855556 0.132031 0.172222
16 0.221484 0.861111 0.144531 0.175000
16 0.092578 0.867361 0.110156 0.184722
5 0.885547 0.659722 0.064844 0.161111
5 0.787891 0.663194 0.124219 0.179167
5 0.648047 0.664583 0.132031 0.170833
5 0.512500 0.661806 0.125000 0.176389
5 0.375000 0.661806 0.135937 0.181944
5 0.219141 0.667361 0.130469 0.179167
5 0.134766 0.658333 0.088281 0.161111
7 0.873438 0.468056 0.120312 0.180556
7 0.745313 0.472222 0.129688 0.172222
7 0.613281 0.470833 0.121875 0.158333
7 0.482031 0.470139 0.128125 0.168056
7 0.352734 0.472222 0.135156 0.169444
7 0.218750 0.466667 0.128125 0.177778
7 0.091797 0.469444 0.113281 0.161111
19 0.111328 0.119444 0.128906 0.102778
19 0.242578 0.120833 0.121094 0.111111
19 0.376172 0.125694 0.116406 0.101389
19 0.502734 0.120833 0.125781 0.094444
19 0.630859 0.125694 0.122656 0.106944
19 0.757812 0.121528 0.126563 0.106944
19 0.903516 0.125000 0.113281 0.094444
20 0.474219 0.284722 0.128125 0.063889
20 0.471875 0.340278 0.123438 0.061111
20 0.337500 0.338889 0.132812 0.052778
20 0.335547 0.283333 0.116406 0.058333
20 0.259766 0.231250 0.119531 0.059722
20 0.183594 0.290972 0.121875 0.062500
20 0.181250 0.350000 0.117188 0.044444
21 0.730859 0.282639 0.121094 0.173611
21 0.613672 0.289583 0.113281 0.156944
21 0.864062 0.280556 0.112500 0.169444
