27 0.030859 0.139583 0.058594 0.120833
27 0.119531 0.136806 0.110937 0.131944
45 0.242578 0.137500 0.125781 0.133333
45 0.366016 0.136806 0.114844 0.123611
46 0.505469 0.117361 0.115625 0.145833
46 0.648438 0.113194 0.118750 0.134722
46 0.775000 0.113889 0.109375 0.152778
46 0.910547 0.114583 0.124219 0.154167
48 0.268359 0.488889 0.117969 0.144444
48 0.391406 0.481944 0.118750 0.147222
48 0.513281 0.475694 0.120312 0.156944
48 0.641797 0.485417 0.127344 0.148611
48 0.791016 0.492361 0.138281 0.140278
48 0.930469 0.497917 0.123438 0.143056
48 0.888281 0.629861 0.131250 0.145833
48 0.759375 0.633333 0.125000 0.141667
48 0.633594 0.627778 0.117188 0.152778
48 0.512109 0.623611 0.125781 0.147222
48 0.387891 0.622222 0.119531 0.133333
48 0.262500 0.623611 0.125000 0.133333
48 0.141016 0.615278 0.116406 0.130556
48 0.044141 0.614583 0.080469 0.137500
45 0.049609 0.488194 0.082031 0.143056
45 0.151172 0.480556 0.110156 0.150000
42 0.160156 0.808333 0.139062 0.238889
42 0.298828 0.807639 0.135156 0.245833
42 0.448047 0.799306 0.160156 0.240278
42 0.619922 0.817361 0.161719 0.262500
42 0.776563 0.822917 0.150000 0.254167
42 0.923437 0.820833 0.134375 0.255556
52 0.108984 0.294444 0.100781 0.155556
30 0.215234 0.295833 0.111719 0.147222
11 0.330078 0.287500 0.116406 0.158333
11 0.453906 0.287500 0.118750 0.158333
34 0.576953 0.289583 0.121094 0.159722
35 0.685938 0.290972 0.110937 0.176389
35 0.793750 0.297222 0.098438 0.175000
27 0.908203 0.319444 0.138281 0.136111
