37 0.274609 0.083333 0.341406 0.058333
48 0.779688 0.840972 0.096875 0.204167
48 0.676562 0.838194 0.109375 0.198611
48 0.571875 0.845139 0.100000 0.184722
48 0.467578 0.843750 0.108594 0.181944
48 0.354688 0.836806 0.093750 0.187500
48 0.253516 0.832639 0.108594 0.179167
48 0.151562 0.829167 0.095312 0.183333
48 0.162500 0.608333 0.100000 0.213889
48 0.270312 0.610417 0.103125 0.220833
48 0.382422 0.609722 0.097656 0.205556
48 0.481641 0.610417 0.099219 0.212500
46 0.441016 0.361111 0.089844 0.194444
46 0.347656 0.359722 0.096875 0.191667
46 0.252734 0.359722 0.092969 0.191667
46 0.157031 0.357639 0.095312 0.190278
45 0.746094 0.386806 0.081250 0.148611
45 0.658594 0.395139 0.093750 0.156944
45 0.562891 0.390278 0.096094 0.150000
27 0.403125 0.179167 0.084375 0.130556
27 0.312500 0.172222 0.098438 0.133333
27 0.225781 0.174306 0.081250 0.137500
27 0.131250 0.173611 0.095312 0.127778
52 0.571875 0.148611 0.079687 0.186111
52 0.491797 0.150000 0.080469 0.188889
11 0.763281 0.147222 0.093750 0.186111
11 0.665234 0.145139 0.091406 0.190278
10 0.777344 0.606944 0.081250 0.211111
10 0.682813 0.599306 0.100000 0.223611
9 0.585156 0.641667 0.098438 0.180556
