10 0.065625 0.211111 0.110937 0.116667
10 0.163672 0.204167 0.102344 0.116667
10 0.287891 0.202778 0.105469 0.127778
10 0.373437 0.195139 0.082813 0.109722
9 0.460156 0.204167 0.092188 0.116667
9 0.531250 0.226389 0.054688 0.080556
9 0.601562 0.207639 0.085938 0.120833
9 0.679297 0.212500 0.077344 0.108333
9 0.753125 0.215278 0.067188 0.097222
9 0.841797 0.216667 0.122656 0.100000
27 0.953516 0.210417 0.089844 0.104167
35 0.099219 0.372222 0.085938 0.144444
33 0.180859 0.368750 0.082031 0.140278
52 0.264844 0.369444 0.079687 0.138889
11 0.379687 0.370833 0.115625 0.147222
11 0.485547 0.377083 0.096094 0.143056
11 0.570703 0.367361 0.064844 0.129167
7 0.642578 0.367361 0.075781 0.140278
7 0.720703 0.368056 0.066406 0.127778
30 0.823047 0.370139 0.080469 0.145833
30 0.894531 0.366667 0.059375 0.141667
4 0.085156 0.549306 0.087500 0.118056
44 0.256641 0.545833 0.088281 0.116667
44 0.341016 0.537500 0.085156 0.127778
44 0.435937 0.540972 0.076563 0.126389
36 0.567187 0.545833 0.081250 0.122222
36 0.648438 0.541667 0.067188 0.102778
36 0.725781 0.541667 0.076563 0.100000
1 0.886719 0.541667 0.085938 0.125000
1 0.966406 0.543750 0.064062 0.115278
24 0.225781 0.705556 0.112500 0.111111
24 0.360938 0.697917 0.092188 0.104167
24 0.459766 0.693056 0.107031 0.113889
22 0.553516 0.699306 0.096094 0.126389
22 0.647266 0.699306 0.088281 0.137500
22 0.762500 0.693056 0.085938 0.125000
22 0.829687 0.677778 0.059375 0.125000
22 0.899609 0.666667 0.075781 0.091667
22 0.967969 0.664583 0.059375 0.098611
19 0.058984 0.847917 0.089844 0.101389
19 0.153906 0.838194 0.082813 0.095833
19 0.241797 0.839583 0.085156 0.087500
19 0.327344 0.846528 0.089062 0.109722
19 0.416797 0.838889 0.080469 0.083333
19 0.505078 0.836111 0.088281 0.088889
19 0.797266 0.829861 0.075781 0.073611
19 0.890234 0.838194 0.094531 0.081944
19 0.635156 0.827083 0.057813 0.059722
19 0.716797 0.828472 0.075781 0.065278
