41 0.688672 0.713889 0.449219 0.111111
13 0.893359 0.888194 0.066406 0.204167
13 0.801172 0.884722 0.111719 0.202778
5 0.268750 0.815278 0.092188 0.255556
5 0.163281 0.851389 0.095312 0.258333
37 0.366406 0.915278 0.084375 0.147222
37 0.367969 0.756944 0.110937 0.169444
37 0.896875 0.125694 0.073437 0.223611
37 0.482422 0.130556 0.078906 0.216667
23 0.893750 0.404167 0.073437 0.277778
16 0.807813 0.413194 0.098438 0.276389
16 0.710547 0.418056 0.096094 0.286111
16 0.616406 0.415278 0.092188 0.291667
17 0.432422 0.411806 0.092969 0.293056
17 0.341406 0.411111 0.089062 0.291667
4 0.248047 0.419444 0.088281 0.272222
4 0.159766 0.416667 0.089844 0.255556
32 0.523828 0.411806 0.088281 0.287500
21 0.064453 0.411806 0.096094 0.279167
38 0.800000 0.134028 0.087500 0.226389
37 0.398047 0.133333 0.086719 0.219444
29 0.684375 0.122222 0.075000 0.222222
29 0.625391 0.124306 0.044531 0.215278
37 0.560938 0.127778 0.075000 0.216667
37 0.228125 0.134722 0.100000 0.202778
37 0.135156 0.136111 0.078125 0.194444
37 0.043359 0.137500 0.066406 0.200000
24 0.461719 0.884722 0.100000 0.200000
