11 0.148047 0.236806 0.102344 0.120833
11 0.258984 0.234722 0.117969 0.127778
11 0.353906 0.237500 0.073437 0.122222
11 0.049609 0.242361 0.094531 0.112500
49 0.687109 0.247917 0.125781 0.090278
49 0.822656 0.245833 0.125000 0.094444
49 0.940625 0.240972 0.114063 0.109722
33 0.849609 0.372222 0.119531 0.125000
33 0.953125 0.368750 0.090625 0.129167
35 0.615234 0.375694 0.117969 0.123611
34 0.730469 0.374306 0.110937 0.126389
27 0.503906 0.393750 0.109375 0.101389
38 0.257422 0.374306 0.133594 0.143056
38 0.125000 0.373611 0.095312 0.130556
38 0.041016 0.377083 0.071094 0.134722
30 0.225000 0.509028 0.115625 0.126389
30 0.338672 0.509028 0.111719 0.137500
52 0.453906 0.509028 0.104687 0.131944
52 0.562500 0.505556 0.112500 0.133333
8 0.091406 0.639583 0.101562 0.118056
8 0.190625 0.634722 0.096875 0.113889
8 0.296875 0.638194 0.117188 0.129167
28 0.193359 0.761111 0.111719 0.163889
28 0.313672 0.763889 0.094531 0.144444
28 0.441797 0.756944 0.103906 0.130556
28 0.546484 0.761111 0.117969 0.163889
37 0.417969 0.638194 0.089062 0.120833
37 0.506250 0.636806 0.085938 0.098611
37 0.589063 0.636111 0.073437 0.086111
37 0.678125 0.638194 0.084375 0.081944
49 0.800000 0.779167 0.104687 0.161111
49 0.926562 0.791667 0.114063 0.211111
