10 0.137891 0.198611 0.128906 0.208333
10 0.265234 0.198611 0.122656 0.211111
10 0.389062 0.197917 0.125000 0.215278
10 0.514844 0.200694 0.125000 0.215278
10 0.636328 0.196528 0.117969 0.209722
10 0.756250 0.198611 0.120312 0.219444
10 0.872656 0.195833 0.110937 0.213889
46 0.964063 0.209028 0.056250 0.209722
49 0.274219 0.414583 0.135937 0.190278
49 0.131250 0.417361 0.151562 0.195833
48 0.625781 0.592361 0.107813 0.137500
48 0.500781 0.593750 0.121875 0.151389
48 0.377734 0.595139 0.119531 0.151389
48 0.257422 0.597222 0.121094 0.155556
48 0.131641 0.602778 0.130469 0.144444
1 0.726562 0.811806 0.118750 0.154167
22 0.844531 0.808333 0.117188 0.150000
22 0.946094 0.806250 0.078125 0.156944
24 0.605078 0.791667 0.127344 0.163889
24 0.469531 0.793750 0.145313 0.176389
24 0.326562 0.795833 0.140625 0.180556
24 0.179297 0.797222 0.153906 0.177778
