52 0.077734 0.126389 0.125781 0.177778
10 0.358594 0.122917 0.109375 0.154167
33 0.484766 0.126389 0.142969 0.158333
33 0.628516 0.126389 0.144531 0.163889
33 0.769141 0.121528 0.141406 0.151389
33 0.906250 0.122222 0.132812 0.155556
27 0.087109 0.331250 0.113281 0.112500
27 0.222656 0.329167 0.153125 0.133333
11 0.383203 0.309722 0.149219 0.172222
11 0.525391 0.306944 0.128906 0.166667
48 0.704297 0.336806 0.164844 0.123611
48 0.863672 0.332639 0.153906 0.126389
50 0.091797 0.474306 0.102344 0.079167
50 0.198828 0.467361 0.105469 0.062500
50 0.327344 0.470139 0.146875 0.076389
50 0.491797 0.481250 0.149219 0.073611
50 0.642187 0.468056 0.143750 0.077778
50 0.766016 0.461111 0.105469 0.077778
50 0.882031 0.467361 0.109375 0.084722
19 0.728516 0.621528 0.147656 0.129167
19 0.867188 0.620139 0.115625 0.140278
19 0.521484 0.622222 0.153906 0.133333
19 0.343750 0.618056 0.146875 0.127778
36 0.195703 0.604167 0.142969 0.152778
15 0.097656 0.815278 0.104687 0.166667
15 0.209766 0.820833 0.119531 0.177778
15 0.380859 0.826389 0.144531 0.166667
15 0.550000 0.836111 0.162500 0.191667
16 0.718359 0.850000 0.163281 0.183333
16 0.860156 0.839583 0.098438 0.190278
10 0.223047 0.131250 0.158594 0.156944
