37 0.051172 0.754167 0.100781 0.197222
49 0.472266 0.774306 0.114844 0.143056
49 0.372656 0.783333 0.089062 0.147222
49 0.275391 0.784722 0.105469 0.150000
49 0.175391 0.775694 0.094531 0.168056
49 0.076953 0.768056 0.111719 0.175000
17 0.879297 0.759722 0.097656 0.172222
17 0.780078 0.766667 0.100781 0.186111
32 0.925391 0.504861 0.075781 0.131944
1 0.854688 0.500694 0.073437 0.129167
1 0.776953 0.506250 0.082031 0.140278
36 0.492578 0.507639 0.072656 0.134722
36 0.425000 0.506250 0.062500 0.131944
36 0.356641 0.505556 0.074219 0.133333
29 0.290625 0.503472 0.060938 0.123611
29 0.225781 0.505556 0.068750 0.127778
29 0.159766 0.504861 0.063281 0.129167
37 0.907422 0.347917 0.061719 0.115278
37 0.835156 0.352778 0.057813 0.119444
30 0.767969 0.354167 0.071875 0.127778
30 0.699219 0.352083 0.065625 0.123611
35 0.363672 0.352083 0.069531 0.129167
35 0.295703 0.351389 0.066406 0.127778
33 0.498437 0.350694 0.068750 0.126389
33 0.432031 0.352083 0.064062 0.129167
52 0.229687 0.352083 0.060938 0.131944
52 0.158594 0.347222 0.073437 0.127778
51 0.917578 0.213889 0.071094 0.100000
51 0.842188 0.204167 0.075000 0.088889
9 0.768750 0.206250 0.071875 0.101389
9 0.693750 0.210417 0.078125 0.109722
9 0.616406 0.213889 0.076563 0.102778
48 0.521875 0.206250 0.079687 0.112500
48 0.441406 0.210417 0.076563 0.098611
48 0.367188 0.206944 0.071875 0.105556
48 0.293359 0.213194 0.075781 0.090278
48 0.218359 0.206944 0.074219 0.097222
48 0.140625 0.206944 0.081250 0.097222
41 0.888672 0.632639 0.171094 0.056944
41 0.459375 0.651389 0.503125 0.080556
