13 0.762891 0.735417 0.189844 0.129167
12 0.546875 0.745139 0.157813 0.104167
12 0.379687 0.738889 0.162500 0.102778
12 0.215625 0.743056 0.159375 0.111111
12 0.069922 0.741667 0.139844 0.108333
23 0.850391 0.558333 0.147656 0.133333
23 0.698828 0.556944 0.155469 0.130556
23 0.541016 0.554167 0.160156 0.136111
23 0.380469 0.554861 0.160938 0.137500
23 0.221875 0.553472 0.156250 0.140278
23 0.467969 0.404167 0.143750 0.141667
17 0.180859 0.400694 0.161719 0.131944
24 0.509766 0.112500 0.178906 0.105556
24 0.314844 0.104861 0.185937 0.101389
24 0.114453 0.109028 0.185156 0.104167
22 0.828906 0.115278 0.156250 0.097222
22 0.675000 0.117361 0.151562 0.101389
22 0.850391 0.277778 0.149219 0.086111
22 0.696484 0.278472 0.142969 0.084722
22 0.548047 0.275694 0.149219 0.093056
22 0.397656 0.282639 0.146875 0.095833
22 0.254687 0.277778 0.142188 0.091667
22 0.101562 0.281250 0.164062 0.098611
