10 0.949219 0.095139 0.101562 0.176389
10 0.822266 0.091667 0.122656 0.169444
9 0.671875 0.100000 0.135937 0.175000
49 0.534375 0.098611 0.131250 0.177778
49 0.394531 0.096528 0.145313 0.190278
49 0.238672 0.094444 0.138281 0.183333
49 0.082031 0.103472 0.137500 0.176389
49 0.081641 0.325000 0.141406 0.219444
49 0.228125 0.325000 0.126563 0.230556
49 0.364844 0.322222 0.134375 0.227778
49 0.519922 0.325694 0.127344 0.220833
49 0.657422 0.328472 0.127344 0.229167
49 0.801953 0.327083 0.125781 0.223611
49 0.941797 0.322917 0.110156 0.220833
49 0.760156 0.753472 0.118750 0.209722
49 0.379297 0.756250 0.128906 0.218056
49 0.509375 0.752083 0.126563 0.231944
50 0.921094 0.858333 0.134375 0.119444
48 0.934375 0.543056 0.112500 0.163889
48 0.812891 0.544444 0.130469 0.166667
48 0.681641 0.545139 0.132031 0.165278
48 0.517578 0.543750 0.130469 0.170833
48 0.324219 0.546528 0.131250 0.170833
48 0.191797 0.545833 0.133594 0.169444
48 0.066406 0.546528 0.117188 0.168056
