50 0.315625 0.052083 0.075000 0.065278
50 0.239844 0.054861 0.070312 0.045833
50 0.159375 0.049306 0.078125 0.048611
48 0.739062 0.052083 0.092188 0.073611
48 0.642187 0.049306 0.084375 0.070833
48 0.560547 0.049306 0.067969 0.068056
48 0.392969 0.054861 0.073437 0.073611
49 0.696094 0.172917 0.071875 0.131944
49 0.611328 0.169444 0.077344 0.127778
49 0.520312 0.167361 0.084375 0.123611
49 0.433594 0.170833 0.081250 0.133333
49 0.349609 0.170139 0.080469 0.120833
49 0.252734 0.168750 0.075781 0.120833
49 0.174609 0.168750 0.077344 0.120833
49 0.094922 0.165278 0.074219 0.119444
49 0.636328 0.300694 0.091406 0.109722
49 0.736328 0.304861 0.074219 0.109722
49 0.822266 0.304861 0.088281 0.106944
49 0.914062 0.302778 0.084375 0.097222
45 0.812109 0.425694 0.096094 0.095833
3 0.912500 0.526389 0.087500 0.072222
3 0.836719 0.525694 0.064062 0.070833
3 0.758203 0.525000 0.092969 0.072222
3 0.662891 0.523611 0.075781 0.063889
51 0.360547 0.514583 0.075781 0.068056
51 0.191016 0.518056 0.077344 0.061111
51 0.110156 0.521528 0.084375 0.068056
13 0.155078 0.627083 0.094531 0.076389
12 0.248047 0.629167 0.083594 0.080556
12 0.410937 0.627083 0.084375 0.070833
12 0.494922 0.618056 0.069531 0.069444
12 0.593750 0.626389 0.082813 0.066667
12 0.673828 0.625000 0.058594 0.066667
48 0.685938 0.415972 0.082813 0.076389
48 0.547266 0.413194 0.082031 0.073611
48 0.473437 0.407639 0.065625 0.062500
48 0.407813 0.409028 0.068750 0.070833
