52 0.115234 0.069444 0.133594 0.138889
10 0.253125 0.068750 0.135937 0.137500
10 0.376953 0.071528 0.107031 0.143056
33 0.504687 0.070139 0.142188 0.140278
33 0.644531 0.069444 0.139062 0.138889
33 0.782031 0.069444 0.134375 0.138889
33 0.908203 0.069444 0.113281 0.138889
27 0.103516 0.269444 0.124219 0.111111
27 0.244141 0.271528 0.147656 0.115278
11 0.398438 0.248611 0.156250 0.161111
11 0.545313 0.245833 0.132812 0.152778
11 0.629687 0.250694 0.050000 0.151389
48 0.729688 0.268750 0.148438 0.115278
48 0.884766 0.267361 0.155469 0.115278
50 0.092188 0.420833 0.109375 0.069444
50 0.207031 0.412500 0.114063 0.077778
50 0.346484 0.411806 0.160156 0.087500
50 0.507812 0.407639 0.159375 0.087500
50 0.671875 0.409722 0.154687 0.080556
50 0.805469 0.411806 0.112500 0.073611
50 0.910156 0.410417 0.107813 0.087500
36 0.083984 0.560417 0.097656 0.165278
36 0.210156 0.561806 0.142188 0.168056
22 0.362109 0.573611 0.149219 0.133333
22 0.552734 0.577083 0.158594 0.131944
22 0.650391 0.555556 0.089844 0.130556
19 0.773828 0.564583 0.152344 0.156944
19 0.910547 0.570833 0.114844 0.144444
15 0.085938 0.795833 0.103125 0.211111
15 0.211719 0.809028 0.142188 0.209722
15 0.393359 0.817361 0.155469 0.209722
15 0.573047 0.829861 0.161719 0.226389
16 0.760547 0.822222 0.177344 0.205556
16 0.918750 0.818056 0.107813 0.227778
