19 0.124609 0.099306 0.127344 0.109722
19 0.291797 0.104167 0.138281 0.116667
19 0.430469 0.097222 0.139062 0.122222
19 0.563281 0.102778 0.121875 0.116667
19 0.684766 0.103472 0.110156 0.101389
19 0.819531 0.097222 0.129688 0.111111
19 0.932031 0.101389 0.092188 0.122222
20 0.312891 0.207639 0.133594 0.068056
20 0.311719 0.267361 0.139062 0.079167
20 0.307813 0.319444 0.142188 0.066667
20 0.450391 0.206250 0.132031 0.062500
20 0.449219 0.259722 0.139062 0.069444
20 0.446484 0.309722 0.130469 0.052778
21 0.581250 0.257639 0.132812 0.173611
21 0.711719 0.262500 0.128125 0.183333
21 0.881250 0.257639 0.126563 0.165278
5 0.142188 0.448611 0.146875 0.175000
5 0.288281 0.446528 0.139062 0.168056
5 0.425000 0.444444 0.132812 0.163889
5 0.556641 0.443056 0.125781 0.161111
5 0.691406 0.446528 0.142188 0.168056
5 0.830078 0.442361 0.139844 0.168056
5 0.945312 0.440972 0.089062 0.173611
7 0.149609 0.634028 0.133594 0.179167
7 0.284375 0.615278 0.132812 0.150000
7 0.417188 0.619444 0.131250 0.166667
7 0.551172 0.619444 0.136719 0.183333
6 0.710938 0.622222 0.139062 0.150000
6 0.846875 0.619444 0.131250 0.166667
6 0.953516 0.620833 0.082031 0.180556
3 0.402734 0.863889 0.135156 0.141667
4 0.540625 0.841667 0.150000 0.180556
1 0.267969 0.863889 0.137500 0.150000
1 0.133594 0.867361 0.135937 0.154167
