7 0.894531 0.388889 0.134375 0.188889
7 0.746094 0.392361 0.129688 0.181944
7 0.607422 0.390278 0.133594 0.188889
7 0.447656 0.388889 0.123438 0.183333
7 0.304688 0.388889 0.128125 0.186111
7 0.154687 0.386111 0.140625 0.183333
7 0.087500 0.622222 0.103125 0.197222
7 0.904297 0.616667 0.122656 0.180556
7 0.712500 0.620833 0.118750 0.194444
7 0.386719 0.619444 0.131250 0.202778
7 0.233203 0.618750 0.130469 0.190278
19 0.902344 0.202778 0.131250 0.108333
19 0.773047 0.203472 0.124219 0.109722
19 0.632422 0.202083 0.138281 0.109722
19 0.503906 0.202083 0.110937 0.093056
19 0.381250 0.200000 0.132812 0.119444
19 0.255469 0.204167 0.107813 0.100000
19 0.150781 0.209722 0.095312 0.094444
20 0.154297 0.065278 0.128906 0.055556
20 0.399219 0.073611 0.129688 0.055556
20 0.542188 0.072222 0.129688 0.050000
20 0.768359 0.072917 0.133594 0.051389
20 0.646094 0.029861 0.104687 0.054167
20 0.906641 0.072917 0.125781 0.048611
