37 0.071484 0.168056 0.111719 0.108333
37 0.199609 0.165278 0.138281 0.102778
37 0.342969 0.172917 0.137500 0.106944
3 0.487109 0.173611 0.135156 0.116667
3 0.617578 0.168750 0.119531 0.109722
1 0.754297 0.166667 0.132031 0.105556
1 0.901563 0.175694 0.148438 0.118056
15 0.094531 0.345139 0.115625 0.118056
15 0.209375 0.345833 0.104687 0.116667
15 0.322266 0.350694 0.108594 0.109722
15 0.813281 0.364583 0.051562 0.087500
15 0.457812 0.509722 0.129688 0.150000
15 0.608594 0.506250 0.131250 0.156944
15 0.761328 0.506250 0.116406 0.143056
15 0.912500 0.508333 0.137500 0.166667
6 0.166797 0.504861 0.132031 0.145833
6 0.312891 0.509028 0.128906 0.151389
48 0.092188 0.697222 0.101562 0.119444
48 0.191016 0.694444 0.094531 0.125000
48 0.307031 0.692361 0.121875 0.123611
51 0.525391 0.706250 0.130469 0.118056
51 0.791406 0.705556 0.134375 0.122222
45 0.659375 0.709028 0.121875 0.109722
9 0.915625 0.700000 0.115625 0.122222
46 0.105859 0.881944 0.136719 0.191667
46 0.263672 0.879861 0.135156 0.187500
46 0.392969 0.865278 0.117188 0.180556
10 0.614453 0.864583 0.128906 0.179167
10 0.773828 0.863889 0.113281 0.169444
50 0.917969 0.853472 0.154687 0.098611
50 0.919531 0.922917 0.157813 0.068056
