10 0.614453 0.851389 0.136719 0.194444
10 0.774219 0.855556 0.121875 0.191667
9 0.905469 0.672222 0.110937 0.136111
6 0.326953 0.450694 0.121094 0.193056
6 0.178125 0.445833 0.123438 0.175000
3 0.485547 0.077083 0.121094 0.134722
3 0.589453 0.069444 0.083594 0.130556
37 0.350781 0.072222 0.125000 0.138889
37 0.218750 0.068750 0.132812 0.126389
37 0.091797 0.069444 0.110156 0.133333
1 0.757422 0.072222 0.146094 0.130556
1 0.922656 0.070833 0.129688 0.136111
51 0.790234 0.678472 0.127344 0.145833
51 0.533203 0.673611 0.114844 0.136111
46 0.278125 0.874306 0.146875 0.204167
46 0.406641 0.852083 0.105469 0.193056
45 0.658594 0.681250 0.129688 0.140278
48 0.317187 0.656250 0.114063 0.126389
48 0.209766 0.650000 0.089844 0.113889
48 0.107813 0.657639 0.103125 0.120833
37 0.523047 0.568056 0.466406 0.047222
15 0.916406 0.445139 0.140625 0.201389
15 0.775391 0.444444 0.124219 0.202778
15 0.615234 0.449306 0.127344 0.179167
15 0.465625 0.442361 0.118750 0.184722
15 0.349609 0.256944 0.100781 0.136111
15 0.232422 0.264583 0.099219 0.151389
15 0.112500 0.259722 0.098438 0.155556
15 0.832812 0.256944 0.092188 0.147222
