23 0.830078 0.155556 0.142969 0.202778
23 0.691016 0.158333 0.133594 0.202778
23 0.551172 0.161111 0.136719 0.202778
23 0.405859 0.162500 0.132031 0.208333
23 0.259375 0.165972 0.150000 0.206944
23 0.116797 0.170139 0.135156 0.215278
24 0.746484 0.367361 0.160156 0.145833
24 0.585156 0.369444 0.142188 0.138889
24 0.436328 0.369444 0.157031 0.136111
24 0.289453 0.368750 0.144531 0.143056
37 0.828906 0.555556 0.303125 0.163889
37 0.547266 0.551389 0.255469 0.161111
37 0.189844 0.554167 0.342187 0.169444
22 0.927344 0.765972 0.115625 0.140278
22 0.796094 0.763889 0.140625 0.141667
22 0.647266 0.762500 0.135156 0.152778
22 0.509375 0.763194 0.126563 0.162500
22 0.387891 0.763889 0.094531 0.155556
22 0.256641 0.856250 0.163281 0.176389
22 0.232812 0.755556 0.139062 0.147222
22 0.089844 0.759028 0.142188 0.168056
37 0.487891 0.919444 0.975781 0.088889
17 0.946094 0.157639 0.087500 0.206944
