16 0.146484 0.118750 0.130469 0.168056
17 0.276953 0.122222 0.127344 0.163889
17 0.403906 0.115972 0.131250 0.162500
17 0.535547 0.126389 0.117969 0.163889
17 0.656641 0.121528 0.110156 0.154167
17 0.777734 0.121528 0.125781 0.173611
17 0.900391 0.122222 0.114844 0.163889
24 0.198047 0.323611 0.136719 0.136111
24 0.337109 0.319444 0.135156 0.133333
24 0.483594 0.322917 0.131250 0.123611
24 0.621484 0.315972 0.132031 0.126389
24 0.758594 0.314583 0.137500 0.129167
24 0.902344 0.317361 0.118750 0.120833
12 0.143750 0.497222 0.112500 0.113889
12 0.259375 0.506250 0.118750 0.123611
12 0.385938 0.511806 0.117188 0.123611
12 0.516406 0.505556 0.118750 0.111111
13 0.645703 0.486806 0.125781 0.134722
13 0.771875 0.482639 0.103125 0.126389
13 0.902344 0.481944 0.129688 0.144444
22 0.191797 0.682639 0.119531 0.120833
22 0.314844 0.687500 0.112500 0.122222
22 0.430078 0.688194 0.110156 0.126389
22 0.553125 0.684722 0.115625 0.130556
22 0.671484 0.680556 0.107031 0.130556
22 0.786719 0.684722 0.110937 0.127778
22 0.909375 0.677778 0.118750 0.122222
22 0.252344 0.886111 0.123438 0.147222
22 0.418750 0.872222 0.132812 0.158333
22 0.551953 0.870139 0.133594 0.159722
22 0.685938 0.870833 0.126563 0.158333
22 0.817578 0.863194 0.121094 0.168056
22 0.937109 0.881250 0.107031 0.156944
22 0.155859 0.847222 0.085156 0.161111
