39 0.050781 0.209722 0.098438 0.155556
39 0.158984 0.205556 0.110156 0.152778
39 0.269141 0.204167 0.102344 0.147222
39 0.381250 0.202083 0.109375 0.159722
39 0.489844 0.202778 0.104687 0.136111
37 0.602344 0.207639 0.125000 0.145833
35 0.830469 0.215278 0.112500 0.130556
37 0.942187 0.207639 0.100000 0.165278
49 0.073437 0.381250 0.121875 0.154167
49 0.200781 0.378472 0.134375 0.162500
49 0.331641 0.377778 0.127344 0.158333
49 0.678906 0.383333 0.118750 0.138889
49 0.803906 0.384028 0.132812 0.151389
49 0.928516 0.383333 0.114844 0.155556
48 0.060547 0.520139 0.116406 0.109722
48 0.178516 0.522222 0.117969 0.111111
48 0.296094 0.516667 0.115625 0.113889
48 0.414062 0.520139 0.120312 0.109722
48 0.549219 0.519444 0.143750 0.116667
48 0.681641 0.525000 0.122656 0.116667
48 0.801562 0.524306 0.117188 0.118056
48 0.928906 0.525000 0.126563 0.113889
12 0.769531 0.648611 0.137500 0.119444
12 0.893359 0.645139 0.103906 0.112500
12 0.966797 0.639583 0.047656 0.112500
18 0.060156 0.643056 0.115625 0.130556
18 0.181641 0.645139 0.125781 0.131944
18 0.304297 0.638889 0.100781 0.130556
18 0.408203 0.638194 0.114844 0.115278
18 0.518750 0.643750 0.107813 0.112500
18 0.635156 0.643056 0.126563 0.111111
19 0.056250 0.900694 0.101562 0.137500
19 0.077344 0.765972 0.123438 0.123611
19 0.208984 0.753472 0.096094 0.101389
19 0.310156 0.754167 0.106250 0.108333
19 0.294922 0.894444 0.121094 0.133333
19 0.171094 0.900000 0.123438 0.138889
20 0.424609 0.918750 0.133594 0.087500
20 0.542188 0.911806 0.098438 0.076389
20 0.535937 0.842361 0.114063 0.068056
20 0.421875 0.848611 0.114063 0.063889
36 0.679297 0.879861 0.127344 0.162500
36 0.804297 0.879861 0.117969 0.168056
36 0.923828 0.881250 0.127344 0.176389
