37 0.112891 0.111111 0.078906 0.191667
37 0.193359 0.122222 0.080469 0.172222
37 0.278516 0.126389 0.097656 0.188889
37 0.442187 0.118056 0.081250 0.194444
37 0.525391 0.113194 0.078906 0.215278
37 0.601562 0.118750 0.075000 0.195833
29 0.714063 0.109722 0.079687 0.205556
29 0.657422 0.111806 0.033594 0.209722
38 0.816016 0.118750 0.083594 0.206944
37 0.914062 0.113194 0.065625 0.209722
4 0.288672 0.392361 0.086719 0.256944
4 0.198828 0.397917 0.092969 0.268056
21 0.106250 0.384722 0.087500 0.283333
17 0.375391 0.387500 0.083594 0.280556
17 0.461328 0.393056 0.097656 0.280556
32 0.550781 0.390972 0.082813 0.273611
16 0.639063 0.396528 0.082813 0.276389
16 0.728906 0.392361 0.098438 0.281944
16 0.822266 0.391667 0.091406 0.291667
23 0.907031 0.389583 0.073437 0.284722
5 0.280469 0.804861 0.093750 0.273611
5 0.169531 0.838889 0.106250 0.272222
27 0.369922 0.915278 0.094531 0.150000
27 0.380469 0.746528 0.115625 0.187500
13 0.913672 0.891667 0.072656 0.216667
13 0.820703 0.888194 0.110156 0.215278
41 0.714844 0.712500 0.467187 0.133333
24 0.472266 0.877778 0.099219 0.216667
