27 0.059766 0.270139 0.114844 0.168056
27 0.166406 0.269444 0.089062 0.158333
27 0.266016 0.270139 0.103906 0.165278
27 0.377344 0.272917 0.107813 0.162500
37 0.079687 0.176389 0.098438 0.063889
37 0.307031 0.179861 0.275000 0.045833
52 0.487891 0.238889 0.091406 0.213889
52 0.584375 0.231944 0.093750 0.216667
11 0.693750 0.237500 0.114063 0.225000
11 0.810156 0.238194 0.115625 0.220833
46 0.079687 0.485417 0.117188 0.240278
46 0.194922 0.486111 0.111719 0.238889
46 0.304688 0.479861 0.112500 0.237500
46 0.417578 0.481250 0.119531 0.248611
45 0.562500 0.527778 0.115625 0.175000
45 0.671484 0.522917 0.113281 0.181944
45 0.781641 0.513889 0.111719 0.177778
49 0.083203 0.775000 0.119531 0.238889
49 0.216406 0.774306 0.123438 0.245833
49 0.337891 0.770139 0.114844 0.245833
49 0.458203 0.775694 0.116406 0.254167
9 0.576953 0.806250 0.114844 0.190278
10 0.697656 0.774306 0.114063 0.254167
10 0.810156 0.771528 0.110937 0.254167
