22 0.098047 0.084028 0.132031 0.109722
22 0.239453 0.077083 0.150781 0.123611
22 0.379297 0.077778 0.128906 0.125000
22 0.510156 0.081250 0.132812 0.118056
22 0.645703 0.081250 0.138281 0.118056
22 0.783203 0.084028 0.136719 0.112500
22 0.910156 0.086111 0.117188 0.116667
22 0.875391 0.477083 0.130469 0.131944
22 0.744141 0.477778 0.132031 0.133333
22 0.612500 0.477083 0.131250 0.134722
22 0.480469 0.475000 0.132812 0.130556
22 0.350000 0.490278 0.128125 0.100000
22 0.228125 0.495833 0.115625 0.111111
22 0.101953 0.497222 0.136719 0.108333
22 0.115625 0.395139 0.109375 0.087500
22 0.230469 0.386111 0.107813 0.091667
23 0.268359 0.245139 0.124219 0.176389
23 0.120703 0.243056 0.171094 0.172222
17 0.407422 0.248611 0.132031 0.169444
17 0.537109 0.248611 0.127344 0.169444
17 0.663672 0.243056 0.125781 0.180556
17 0.727344 0.155556 0.001563 0.005556
17 0.822266 0.995139 0.000781 0.009722
16 0.808203 0.247222 0.130469 0.180556
16 0.922656 0.244444 0.098438 0.175000
13 0.134766 0.638194 0.166406 0.154167
13 0.299219 0.638889 0.162500 0.155556
13 0.456250 0.633333 0.151562 0.166667
13 0.610156 0.628472 0.156250 0.156944
13 0.770703 0.629167 0.164844 0.155556
13 0.928906 0.644444 0.084375 0.186111
12 0.547656 0.887500 0.142188 0.155556
12 0.397266 0.897222 0.152344 0.155556
12 0.249219 0.892361 0.143750 0.145833
12 0.100391 0.895833 0.153906 0.138889
37 0.317578 0.767361 0.592969 0.079167
3 0.749609 0.861806 0.132031 0.143056
3 0.894922 0.868056 0.132031 0.158333
