52 0.083984 0.182639 0.110156 0.131944
10 0.224609 0.189583 0.149219 0.145833
10 0.358594 0.183333 0.112500 0.138889
33 0.489844 0.187500 0.146875 0.127778
33 0.641016 0.187500 0.144531 0.127778
33 0.783984 0.184722 0.139844 0.136111
33 0.912109 0.180556 0.111719 0.119444
27 0.083984 0.351389 0.110156 0.119444
27 0.221875 0.348611 0.157813 0.105556
11 0.382812 0.336111 0.162500 0.138889
11 0.533203 0.327083 0.139844 0.148611
11 0.622266 0.324306 0.049219 0.143056
48 0.723828 0.352083 0.166406 0.098611
48 0.887891 0.351389 0.158594 0.105556
50 0.078125 0.473611 0.085938 0.083333
50 0.184375 0.461806 0.126563 0.073611
50 0.329297 0.463889 0.155469 0.077778
50 0.498047 0.467361 0.172656 0.079167
50 0.671484 0.463889 0.177344 0.075000
50 0.807813 0.456250 0.117188 0.090278
50 0.917188 0.459722 0.100000 0.088889
36 0.068359 0.599306 0.069531 0.159722
36 0.189063 0.596528 0.153125 0.129167
22 0.349609 0.601389 0.163281 0.116667
22 0.540234 0.597917 0.180469 0.126389
22 0.653516 0.590972 0.075781 0.126389
19 0.773047 0.594444 0.161719 0.138889
19 0.910547 0.593750 0.114844 0.137500
15 0.083594 0.778472 0.104687 0.143056
15 0.198437 0.780556 0.135937 0.158333
15 0.387500 0.788194 0.150000 0.156944
15 0.570703 0.795139 0.169531 0.170833
16 0.758203 0.794444 0.186719 0.169444
16 0.913281 0.792361 0.107813 0.165278
