37 0.589844 0.879167 0.775000 0.088889
43 0.162891 0.927083 0.122656 0.145833
36 0.919141 0.695139 0.130469 0.179167
36 0.778516 0.677083 0.110156 0.168056
15 0.643750 0.677778 0.117188 0.177778
15 0.524609 0.682639 0.121094 0.187500
15 0.396875 0.661111 0.114063 0.152778
15 0.281641 0.675000 0.116406 0.180556
15 0.186328 0.661806 0.069531 0.145833
15 0.121484 0.677083 0.060156 0.176389
7 0.506641 0.453472 0.117969 0.168056
7 0.385547 0.451389 0.121094 0.161111
7 0.268750 0.452083 0.112500 0.162500
7 0.149609 0.460417 0.119531 0.156944
7 0.610547 0.250000 0.094531 0.169444
7 0.512500 0.248611 0.101562 0.166667
4 0.714063 0.259028 0.103125 0.168056
20 0.858984 0.257639 0.127344 0.065278
20 0.863281 0.318056 0.126563 0.055556
22 0.409766 0.277778 0.091406 0.113889
22 0.301953 0.284722 0.102344 0.125000
22 0.165625 0.295139 0.118750 0.126389
19 0.913281 0.075694 0.121875 0.143056
19 0.787109 0.070833 0.124219 0.136111
19 0.658984 0.070139 0.124219 0.129167
19 0.523828 0.073611 0.113281 0.125000
19 0.406250 0.073611 0.121875 0.125000
19 0.283203 0.076389 0.117969 0.125000
19 0.158594 0.075694 0.131250 0.126389
