40 0.809375 0.666667 0.123438 0.172222
40 0.931641 0.665972 0.111719 0.165278
5 0.678906 0.470833 0.120312 0.166667
5 0.565625 0.472917 0.085938 0.162500
7 0.457812 0.466667 0.131250 0.166667
7 0.288281 0.465972 0.132812 0.173611
49 0.542969 0.673611 0.134375 0.172222
49 0.620313 0.847222 0.132812 0.163889
49 0.754687 0.843750 0.135937 0.156944
4 0.400781 0.661806 0.123438 0.165278
4 0.199609 0.660417 0.132031 0.168056
23 0.587891 0.296528 0.128906 0.159722
23 0.476562 0.294444 0.075000 0.172222
23 0.368359 0.290278 0.136719 0.180556
23 0.224609 0.285417 0.135156 0.170833
19 0.695703 0.118056 0.125781 0.116667
19 0.836719 0.120139 0.121875 0.112500
19 0.937891 0.125000 0.057031 0.113889
21 0.918359 0.293056 0.111719 0.155556
21 0.762891 0.297917 0.127344 0.154167
20 0.439844 0.152083 0.128125 0.059722
20 0.305078 0.145139 0.125781 0.062500
20 0.303125 0.084722 0.121875 0.058333
20 0.171094 0.089583 0.131250 0.070833
20 0.173828 0.150694 0.128906 0.056944
