12 0.768750 0.700694 0.048437 0.068056
12 0.710938 0.700694 0.064062 0.079167
12 0.639453 0.697222 0.057031 0.077778
12 0.577734 0.702778 0.066406 0.088889
12 0.503516 0.693750 0.030469 0.068056
12 0.457031 0.705556 0.062500 0.091667
13 0.386719 0.704167 0.073437 0.105556
3 0.945703 0.593750 0.058594 0.081944
3 0.891797 0.592361 0.049219 0.079167
3 0.832031 0.593750 0.070312 0.076389
3 0.763281 0.585417 0.051562 0.059722
51 0.475391 0.588889 0.058594 0.072222
51 0.415234 0.590278 0.061719 0.075000
51 0.355078 0.591667 0.058594 0.072222
51 0.302734 0.590278 0.046094 0.069444
48 0.780859 0.474306 0.061719 0.081944
48 0.730469 0.470139 0.039062 0.073611
48 0.680469 0.471528 0.060938 0.070833
48 0.627344 0.468056 0.045313 0.063889
48 0.575391 0.465972 0.058594 0.062500
48 0.823438 0.073611 0.064062 0.066667
48 0.755078 0.072222 0.063281 0.069444
48 0.693359 0.073611 0.057031 0.066667
48 0.631250 0.074306 0.064062 0.065278
48 0.569141 0.069444 0.060156 0.063889
50 0.511328 0.081250 0.052344 0.048611
50 0.455859 0.079861 0.055469 0.051389
50 0.394922 0.077778 0.058594 0.061111
49 0.792578 0.202083 0.060156 0.143056
49 0.726953 0.201389 0.060156 0.144444
49 0.661328 0.201389 0.060156 0.147222
49 0.595703 0.203472 0.063281 0.143056
49 0.532812 0.204861 0.060938 0.148611
49 0.461719 0.204167 0.056250 0.138889
49 0.402344 0.204861 0.056250 0.143056
49 0.344531 0.201389 0.053125 0.141667
49 0.947656 0.350694 0.062500 0.118056
49 0.878906 0.344444 0.060938 0.108333
49 0.817969 0.350694 0.059375 0.118056
49 0.742969 0.350000 0.057813 0.122222
49 0.636719 0.339583 0.056250 0.095833
45 0.931250 0.478472 0.054688 0.104167
45 0.873047 0.478472 0.061719 0.104167
46 0.917578 0.197917 0.061719 0.148611
46 0.855078 0.197917 0.063281 0.148611
5 0.805469 0.886111 0.053125 0.169444
5 0.940234 0.893750 0.077344 0.184722
