12 0.073437 0.872917 0.143750 0.134722
13 0.230859 0.867361 0.150781 0.165278
13 0.404687 0.886806 0.165625 0.179167
13 0.632422 0.892361 0.177344 0.168056
13 0.844141 0.890278 0.166406 0.172222
24 0.883203 0.636111 0.077344 0.161111
24 0.741016 0.643750 0.133594 0.151389
24 0.574609 0.642361 0.138281 0.143056
24 0.410156 0.636806 0.135937 0.137500
24 0.266406 0.638889 0.142188 0.155556
24 0.113281 0.639583 0.128125 0.137500
24 0.104687 0.442361 0.142188 0.137500
6 0.782422 0.414583 0.100781 0.168056
6 0.889844 0.420139 0.057813 0.176389
17 0.335547 0.226389 0.128906 0.180556
17 0.215234 0.223611 0.100781 0.180556
17 0.095703 0.226389 0.138281 0.186111
16 0.599609 0.227778 0.125781 0.180556
16 0.470703 0.225000 0.132031 0.172222
22 0.378125 0.079167 0.117188 0.119444
22 0.219141 0.077083 0.116406 0.131944
22 0.085547 0.070833 0.117969 0.125000
