37 0.434375 0.825694 0.137500 0.206944
37 0.376172 0.594444 0.138281 0.158333
37 0.771875 0.849306 0.153125 0.170833
37 0.277734 0.835417 0.164844 0.190278
37 0.926172 0.822917 0.138281 0.231944
37 0.598047 0.834028 0.186719 0.215278
37 0.104297 0.836111 0.172656 0.191667
37 0.194531 0.602083 0.148438 0.145833
37 0.100781 0.600000 0.120312 0.144444
36 0.943359 0.443056 0.105469 0.144444
36 0.842578 0.435417 0.096094 0.131944
36 0.722656 0.440972 0.143750 0.143056
36 0.576172 0.444444 0.149219 0.136111
36 0.606641 0.274306 0.169531 0.151389
36 0.778125 0.274306 0.170312 0.156944
36 0.929297 0.276389 0.132031 0.161111
31 0.948828 0.602778 0.094531 0.141667
31 0.837500 0.603472 0.126563 0.134722
31 0.710938 0.608333 0.126563 0.125000
31 0.611719 0.606250 0.075000 0.129167
31 0.512500 0.609722 0.131250 0.130556
37 0.428125 0.439583 0.140625 0.140278
11 0.271875 0.439583 0.159375 0.131944
37 0.117578 0.440278 0.144531 0.147222
4 0.441797 0.281250 0.158594 0.154167
4 0.275000 0.286806 0.167187 0.156944
4 0.108203 0.281944 0.161719 0.166667
3 0.095312 0.132639 0.160938 0.123611
3 0.256641 0.127778 0.161719 0.113889
3 0.421094 0.129167 0.156250 0.108333
1 0.588672 0.126389 0.152344 0.105556
1 0.752734 0.129861 0.146094 0.106944
1 0.919531 0.128472 0.153125 0.104167
