22 0.837109 0.816667 0.116406 0.155556
1 0.716797 0.820139 0.122656 0.154167
24 0.453125 0.790972 0.140625 0.173611
24 0.308203 0.794444 0.136719 0.183333
24 0.154297 0.790972 0.157031 0.184722
48 0.617578 0.582639 0.113281 0.129167
48 0.492188 0.595833 0.123438 0.136111
48 0.367578 0.593056 0.117969 0.138889
48 0.246484 0.594444 0.117969 0.147222
48 0.119922 0.599306 0.132031 0.154167
49 0.268750 0.406250 0.128125 0.190278
49 0.129297 0.412500 0.138281 0.194444
10 0.136719 0.200000 0.134375 0.216667
10 0.264844 0.197222 0.123438 0.208333
10 0.389844 0.197222 0.123438 0.213889
10 0.512500 0.201389 0.125000 0.216667
10 0.633594 0.196528 0.115625 0.204167
10 0.755469 0.198611 0.120312 0.211111
10 0.872656 0.202778 0.115625 0.197222
24 0.597266 0.802778 0.114844 0.186111
