10 0.907812 0.813194 0.176563 0.184722
10 0.735937 0.816667 0.156250 0.180556
10 0.596094 0.809722 0.123438 0.161111
49 0.434766 0.811806 0.194531 0.165278
49 0.250781 0.809722 0.148438 0.161111
49 0.083203 0.811111 0.163281 0.158333
7 0.446484 0.609028 0.150781 0.162500
7 0.260938 0.611806 0.170312 0.168056
7 0.088672 0.612500 0.167969 0.166667
5 0.950781 0.602083 0.084375 0.134722
5 0.823047 0.602083 0.127344 0.154167
5 0.635547 0.621528 0.169531 0.170833
19 0.832031 0.156944 0.164062 0.097222
19 0.585156 0.159722 0.160938 0.105556
19 0.410156 0.152778 0.170312 0.097222
19 0.242578 0.155556 0.164844 0.102778
19 0.089062 0.158333 0.142188 0.097222
21 0.475781 0.304861 0.153125 0.154167
21 0.276563 0.304167 0.173438 0.147222
21 0.097266 0.300000 0.167969 0.155556
32 0.644922 0.313194 0.169531 0.159722
20 0.810156 0.261806 0.160938 0.048611
20 0.813281 0.309722 0.154687 0.047222
20 0.822656 0.359722 0.157813 0.052778
20 0.941406 0.271528 0.092188 0.048611
20 0.940234 0.318056 0.094531 0.044444
20 0.941797 0.362500 0.097656 0.044444
