15 0.077344 0.139583 0.081250 0.165278
15 0.183594 0.130556 0.135937 0.161111
15 0.387891 0.132639 0.138281 0.154167
15 0.504687 0.120833 0.090625 0.141667
15 0.622656 0.137500 0.142188 0.172222
15 0.916406 0.134722 0.162500 0.169444
15 0.103516 0.299306 0.127344 0.165278
15 0.241797 0.302778 0.150781 0.163889
15 0.373047 0.302778 0.067969 0.150000
15 0.480469 0.299306 0.137500 0.151389
15 0.627344 0.309722 0.135937 0.141667
15 0.796094 0.309722 0.171875 0.155556
15 0.933594 0.296528 0.104687 0.151389
14 0.145313 0.473611 0.156250 0.105556
14 0.293750 0.461111 0.142188 0.100000
14 0.439844 0.464583 0.151562 0.109722
14 0.582422 0.459722 0.144531 0.111111
14 0.728906 0.466667 0.150000 0.111111
14 0.888672 0.451389 0.172656 0.116667
48 0.608594 0.718056 0.151562 0.102778
48 0.610937 0.821528 0.157813 0.129167
48 0.764453 0.714583 0.155469 0.106944
48 0.765625 0.817361 0.146875 0.115278
48 0.914844 0.716667 0.151562 0.111111
48 0.914453 0.822917 0.142969 0.109722
51 0.376953 0.795139 0.158594 0.148611
51 0.469531 0.714583 0.118750 0.104167
46 0.220703 0.768750 0.133594 0.187500
45 0.167969 0.575000 0.140625 0.116667
48 0.443359 0.588194 0.157031 0.112500
48 0.598047 0.590972 0.155469 0.118056
