51 0.319531 0.302083 0.131250 0.070833
51 0.317187 0.373611 0.129688 0.069444
51 0.725000 0.374306 0.146875 0.070833
51 0.735156 0.304167 0.129688 0.072222
51 0.868750 0.304167 0.120312 0.072222
48 0.902734 0.455556 0.111719 0.094444
48 0.739844 0.449306 0.110937 0.084722
48 0.634375 0.454167 0.098438 0.083333
48 0.401563 0.456250 0.112500 0.090278
10 0.779297 0.815972 0.114844 0.173611
10 0.564062 0.813194 0.109375 0.176389
10 0.329688 0.865972 0.126563 0.179167
46 0.303906 0.123611 0.145313 0.200000
46 0.464453 0.120833 0.108594 0.211111
46 0.611328 0.125000 0.138281 0.219444
46 0.734375 0.112500 0.110937 0.183333
46 0.904688 0.122917 0.154687 0.187500
