33 0.730859 0.317361 0.097656 0.129167
33 0.837891 0.315278 0.100781 0.138889
33 0.945312 0.315972 0.106250 0.140278
34 0.617578 0.319444 0.111719 0.141667
27 0.513281 0.340278 0.104687 0.105556
38 0.289844 0.315278 0.114063 0.141667
38 0.057031 0.318056 0.087500 0.138889
38 0.182812 0.311806 0.084375 0.131944
30 0.236719 0.465278 0.114063 0.138889
30 0.352734 0.462500 0.108594 0.152778
52 0.458594 0.465278 0.101562 0.150000
52 0.568359 0.468750 0.111719 0.151389
8 0.115625 0.618056 0.096875 0.133333
8 0.206641 0.616667 0.086719 0.147222
8 0.304688 0.615972 0.110937 0.165278
37 0.430078 0.613889 0.091406 0.141667
37 0.524609 0.617361 0.094531 0.159722
37 0.616406 0.615972 0.089062 0.151389
37 0.705469 0.607639 0.082813 0.129167
28 0.091797 0.767361 0.100781 0.137500
28 0.205469 0.768750 0.120312 0.145833
28 0.346875 0.764583 0.109375 0.115278
28 0.450391 0.763194 0.085156 0.129167
28 0.545703 0.769444 0.117969 0.158333
46 0.667969 0.784028 0.118750 0.165278
46 0.792578 0.778472 0.119531 0.173611
46 0.927344 0.776389 0.129688 0.180556
