37 0.789062 0.884028 0.143750 0.223611
37 0.713281 0.848611 0.098438 0.216667
37 0.615234 0.831944 0.089844 0.200000
37 0.508984 0.890278 0.136719 0.219444
37 0.379297 0.867361 0.127344 0.245833
20 0.735547 0.044444 0.108594 0.052778
20 0.616406 0.052778 0.106250 0.055556
20 0.728906 0.100000 0.110937 0.052778
20 0.614844 0.107639 0.112500 0.045833
50 0.731250 0.158333 0.104687 0.044444
50 0.623438 0.152778 0.114063 0.052778
29 0.518750 0.121528 0.039062 0.120833
29 0.455469 0.109722 0.085938 0.138889
29 0.353906 0.106944 0.089062 0.138889
29 0.255469 0.109722 0.106250 0.144444
48 0.176563 0.290278 0.098438 0.108333
48 0.289844 0.291667 0.084375 0.100000
48 0.476953 0.272917 0.091406 0.084722
45 0.786328 0.289583 0.096094 0.115278
43 0.673047 0.421528 0.103906 0.112500
15 0.558594 0.459028 0.115625 0.184722
15 0.447266 0.459028 0.107031 0.184722
22 0.339844 0.487500 0.100000 0.133333
22 0.236719 0.486806 0.106250 0.131944
22 0.129297 0.491667 0.108594 0.122222
24 0.657031 0.642361 0.128125 0.148611
24 0.527734 0.637500 0.130469 0.138889
24 0.398438 0.636806 0.128125 0.140278
24 0.269141 0.637500 0.130469 0.141667
24 0.139844 0.629861 0.128125 0.156944
49 0.168750 0.901389 0.125000 0.191667
49 0.273047 0.854861 0.085156 0.176389
