37 0.136719 0.618750 0.115625 0.162500
37 0.495703 0.431250 0.146094 0.173611
37 0.631250 0.428472 0.118750 0.168056
37 0.787109 0.436806 0.133594 0.162500
37 0.717969 0.603472 0.148438 0.143056
37 0.569141 0.608333 0.121094 0.152778
37 0.413281 0.610417 0.134375 0.176389
37 0.266406 0.620139 0.139062 0.168056
22 0.455859 0.075694 0.138281 0.115278
37 0.679297 0.265278 0.107031 0.108333
37 0.529297 0.262500 0.141406 0.119444
37 0.389844 0.262500 0.134375 0.119444
37 0.251172 0.264583 0.142969 0.123611
37 0.105469 0.263194 0.148438 0.126389
20 0.150391 0.102083 0.121094 0.109722
20 0.267188 0.100000 0.106250 0.125000
20 0.355859 0.095833 0.064844 0.116667
20 0.608594 0.097222 0.107813 0.125000
20 0.726953 0.084722 0.128906 0.144444
20 0.870703 0.084028 0.149219 0.140278
4 0.351562 0.436111 0.134375 0.169444
4 0.217578 0.434028 0.130469 0.173611
4 0.103516 0.436111 0.097656 0.175000
10 0.423047 0.843750 0.141406 0.209722
37 0.839063 0.838889 0.140625 0.186111
37 0.708984 0.791667 0.082031 0.163889
37 0.615625 0.800694 0.131250 0.201389
37 0.302344 0.794444 0.093750 0.177778
