35 0.080078 0.172917 0.124219 0.193056
33 0.193750 0.172917 0.106250 0.184722
30 0.308203 0.177083 0.124219 0.176389
52 0.414453 0.182639 0.105469 0.181944
11 0.526953 0.184028 0.117969 0.184722
11 0.641406 0.178472 0.110937 0.184722
11 0.753906 0.177083 0.121875 0.187500
27 0.891016 0.201389 0.147656 0.136111
46 0.065625 0.579167 0.118750 0.233333
46 0.192969 0.575000 0.129688 0.238889
46 0.326562 0.576389 0.135937 0.247222
46 0.478125 0.577083 0.156250 0.245833
10 0.651563 0.580556 0.137500 0.241667
10 0.793359 0.583333 0.142969 0.247222
10 0.928125 0.581250 0.126563 0.251389
49 0.066016 0.825000 0.128906 0.225000
49 0.202734 0.826389 0.132031 0.225000
49 0.353125 0.821528 0.154687 0.231944
49 0.501172 0.826389 0.138281 0.236111
49 0.642578 0.822917 0.141406 0.243056
49 0.778516 0.826389 0.133594 0.233333
49 0.908984 0.826389 0.127344 0.236111
45 0.065625 0.362500 0.129688 0.152778
45 0.193750 0.365972 0.132812 0.162500
45 0.328516 0.361806 0.133594 0.156944
45 0.464453 0.361111 0.124219 0.158333
9 0.594922 0.360417 0.133594 0.151389
9 0.730859 0.363194 0.138281 0.156944
9 0.905078 0.365972 0.167969 0.145833
