46 0.064844 0.234028 0.092188 0.173611
46 0.177734 0.229861 0.128906 0.168056
46 0.302734 0.218750 0.127344 0.173611
46 0.431641 0.222917 0.128906 0.176389
45 0.559375 0.256944 0.125000 0.127778
45 0.685547 0.260417 0.128906 0.134722
45 0.817187 0.259028 0.131250 0.148611
45 0.942969 0.263194 0.114063 0.151389
13 0.132422 0.434028 0.125781 0.140278
33 0.256641 0.429167 0.110156 0.155556
33 0.372656 0.427083 0.115625 0.162500
52 0.488281 0.431944 0.117188 0.175000
30 0.601953 0.436111 0.111719 0.180556
27 0.722266 0.450000 0.122656 0.130556
51 0.655859 0.609722 0.128906 0.127778
51 0.128516 0.592361 0.097656 0.123611
51 0.244531 0.587500 0.092188 0.105556
50 0.788281 0.628472 0.129688 0.087500
50 0.928906 0.629167 0.139062 0.108333
50 0.899219 0.565972 0.125000 0.062500
19 0.119922 0.802083 0.117969 0.151389
19 0.248437 0.800000 0.120312 0.150000
19 0.380859 0.802778 0.125781 0.144444
19 0.513281 0.798611 0.126563 0.152778
19 0.692187 0.800694 0.115625 0.148611
20 0.893359 0.775694 0.125781 0.079167
20 0.904688 0.840972 0.145313 0.079167
22 0.027734 0.805556 0.052344 0.144444
