10 0.055859 0.218056 0.099219 0.113889
10 0.153516 0.220139 0.092969 0.112500
10 0.257422 0.208333 0.089844 0.127778
10 0.348828 0.213194 0.085156 0.123611
9 0.441797 0.224306 0.088281 0.120833
9 0.568359 0.227778 0.086719 0.119444
9 0.649609 0.227778 0.075781 0.116667
9 0.715625 0.227778 0.054688 0.108333
9 0.764063 0.228472 0.046875 0.104167
9 0.837891 0.230556 0.094531 0.113889
27 0.944531 0.233333 0.110937 0.105556
35 0.095703 0.386111 0.082031 0.141667
33 0.173828 0.384722 0.072656 0.138889
52 0.253125 0.388889 0.076563 0.133333
11 0.381641 0.390278 0.099219 0.147222
11 0.460547 0.384028 0.064844 0.123611
11 0.532422 0.384722 0.066406 0.119444
7 0.605078 0.384722 0.071094 0.130556
7 0.678125 0.381250 0.060938 0.151389
44 0.255078 0.556944 0.080469 0.127778
44 0.334766 0.555556 0.072656 0.116667
44 0.428516 0.558333 0.080469 0.111111
3 0.082031 0.552778 0.067188 0.100000
36 0.548828 0.570139 0.074219 0.109722
36 0.621094 0.550000 0.062500 0.091667
36 0.695312 0.551389 0.070312 0.083333
1 0.849219 0.564583 0.079687 0.101389
1 0.945703 0.567361 0.086719 0.106944
24 0.233594 0.720139 0.109375 0.106944
24 0.361719 0.711111 0.095312 0.102778
24 0.458203 0.713889 0.094531 0.105556
22 0.547656 0.719444 0.084375 0.111111
22 0.637109 0.716667 0.088281 0.122222
22 0.747656 0.713889 0.084375 0.127778
19 0.069922 0.876389 0.099219 0.102778
19 0.160547 0.860417 0.072656 0.084722
19 0.331250 0.866667 0.092188 0.105556
19 0.493750 0.856944 0.085938 0.077778
19 0.783984 0.852778 0.069531 0.063889
19 0.865234 0.856944 0.069531 0.063889
19 0.244531 0.858333 0.079687 0.080556
30 0.792188 0.397222 0.081250 0.138889
30 0.855078 0.391667 0.055469 0.152778
