24 0.466406 0.113194 0.162500 0.129167
24 0.286328 0.111111 0.160156 0.133333
24 0.095312 0.109028 0.164062 0.129167
22 0.910547 0.125000 0.124219 0.111111
22 0.768359 0.122917 0.141406 0.109722
22 0.620703 0.122917 0.139844 0.104167
22 0.917578 0.312500 0.107031 0.108333
22 0.791406 0.308333 0.137500 0.105556
22 0.648828 0.309028 0.138281 0.106944
22 0.507031 0.307639 0.131250 0.109722
22 0.360938 0.307639 0.135937 0.109722
22 0.220313 0.306944 0.145313 0.108333
22 0.075000 0.309028 0.150000 0.115278
17 0.151953 0.456250 0.142969 0.173611
23 0.394922 0.455556 0.133594 0.166667
23 0.914844 0.640972 0.121875 0.162500
23 0.781641 0.639583 0.136719 0.162500
23 0.634766 0.638889 0.149219 0.163889
23 0.480859 0.631944 0.138281 0.163889
23 0.333203 0.636806 0.146094 0.159722
23 0.183594 0.640278 0.143750 0.166667
13 0.729688 0.861111 0.184375 0.152778
12 0.517969 0.865972 0.146875 0.129167
12 0.363672 0.867361 0.157031 0.129167
12 0.207422 0.861806 0.153906 0.131944
12 0.075000 0.864583 0.150000 0.137500
