37 0.773828 0.760417 0.161719 0.215278
23 0.566797 0.704167 0.099219 0.180556
23 0.448047 0.699306 0.103906 0.159722
23 0.270703 0.680556 0.111719 0.155556
23 0.153125 0.676389 0.112500 0.150000
23 0.048828 0.659722 0.071094 0.122222
37 0.900000 0.577083 0.109375 0.145833
37 0.783984 0.575694 0.111719 0.140278
37 0.671094 0.573611 0.114063 0.136111
48 0.635938 0.423611 0.118750 0.116667
48 0.521094 0.423611 0.114063 0.111111
48 0.405859 0.424306 0.116406 0.109722
48 0.292578 0.424306 0.110156 0.109722
48 0.180859 0.425000 0.113281 0.108333
48 0.069922 0.424306 0.108594 0.106944
10 0.936719 0.286111 0.109375 0.175000
10 0.807422 0.275694 0.124219 0.156944
10 0.684766 0.277083 0.111719 0.156944
10 0.555469 0.279861 0.123438 0.151389
10 0.433594 0.279167 0.125000 0.155556
10 0.178906 0.281250 0.120312 0.156944
31 0.944922 0.122917 0.099219 0.137500
31 0.837500 0.122222 0.115625 0.136111
31 0.725000 0.125000 0.109375 0.130556
31 0.632031 0.123611 0.118750 0.127778
31 0.516016 0.124306 0.103906 0.143056
31 0.412500 0.125000 0.104687 0.138889
31 0.307422 0.122222 0.105469 0.133333
31 0.203906 0.122222 0.101562 0.133333
34 0.096875 0.118750 0.110937 0.145833
