51 0.544531 0.123611 0.068750 0.086111
51 0.472266 0.127083 0.075781 0.093056
51 0.394922 0.122222 0.078906 0.102778
50 0.695703 0.150694 0.075781 0.051389
50 0.618359 0.152778 0.078906 0.055556
50 0.609766 0.104861 0.053906 0.048611
50 0.657812 0.106250 0.035937 0.051389
50 0.717578 0.112500 0.075781 0.058333
27 0.892578 0.129167 0.077344 0.097222
27 0.814844 0.125694 0.078125 0.090278
13 0.871875 0.263194 0.084375 0.126389
13 0.789844 0.268056 0.075000 0.116667
13 0.711719 0.269444 0.078125 0.119444
49 0.631641 0.263889 0.078906 0.127778
49 0.555859 0.263194 0.072656 0.126389
49 0.480078 0.262500 0.078906 0.127778
49 0.405078 0.264583 0.071094 0.131944
10 0.887109 0.411111 0.075781 0.147222
10 0.806250 0.406250 0.081250 0.140278
10 0.729688 0.409028 0.071875 0.145833
11 0.659766 0.414583 0.066406 0.140278
11 0.605078 0.418750 0.057031 0.131944
11 0.523438 0.416667 0.065625 0.144444
52 0.457031 0.414583 0.065625 0.137500
52 0.391797 0.417361 0.063281 0.137500
29 0.890234 0.606944 0.071094 0.138889
45 0.816797 0.624306 0.074219 0.112500
45 0.742188 0.626389 0.075000 0.116667
45 0.664844 0.621528 0.076563 0.109722
9 0.595312 0.619444 0.060938 0.119444
9 0.529688 0.618056 0.070312 0.116667
9 0.457812 0.620833 0.073437 0.111111
9 0.386328 0.621528 0.069531 0.112500
49 0.799219 0.850694 0.085938 0.156944
49 0.714063 0.846528 0.079687 0.156944
49 0.632422 0.841667 0.080469 0.152778
49 0.546484 0.840972 0.077344 0.159722
49 0.466016 0.836806 0.074219 0.156944
49 0.385938 0.852083 0.071875 0.159722
