40 0.054297 0.825000 0.078906 0.183333
40 0.124219 0.801389 0.071875 0.158333
40 0.216406 0.806250 0.126563 0.162500
40 0.330859 0.801389 0.119531 0.147222
40 0.450000 0.802083 0.112500 0.154167
40 0.572656 0.827083 0.126563 0.179167
40 0.694922 0.822917 0.116406 0.195833
38 0.945703 0.841667 0.103906 0.191667
38 0.912500 0.821528 0.087500 0.190278
38 0.923828 0.272917 0.114844 0.165278
37 0.934766 0.090278 0.127344 0.172222
37 0.820312 0.091667 0.093750 0.161111
37 0.707031 0.086806 0.120312 0.173611
37 0.573047 0.097917 0.114844 0.162500
37 0.455078 0.099306 0.121094 0.165278
37 0.339844 0.104167 0.109375 0.155556
37 0.291406 0.281250 0.103125 0.145833
37 0.171094 0.279861 0.110937 0.159722
37 0.056250 0.278472 0.112500 0.159722
37 0.412109 0.278472 0.117969 0.159722
37 0.522266 0.274306 0.088281 0.154167
37 0.630078 0.269444 0.113281 0.169444
37 0.747266 0.280556 0.111719 0.150000
0 0.072266 0.457639 0.130469 0.162500
0 0.207031 0.455556 0.128125 0.163889
0 0.339453 0.457639 0.122656 0.165278
0 0.465234 0.459028 0.122656 0.159722
0 0.603125 0.458333 0.148438 0.163889
26 0.853516 0.451389 0.100781 0.158333
26 0.958984 0.452778 0.082031 0.172222
25 0.290234 0.640278 0.099219 0.169444
25 0.400391 0.636806 0.107031 0.162500
25 0.521875 0.639583 0.103125 0.176389
25 0.636328 0.638194 0.103906 0.159722
25 0.185547 0.631944 0.099219 0.163889
25 0.087500 0.624306 0.096875 0.148611
8 0.956250 0.637500 0.081250 0.180556
8 0.854297 0.638194 0.108594 0.176389
8 0.743750 0.638889 0.112500 0.177778
