37 0.677734 0.481944 0.074219 0.116667
37 0.757031 0.477083 0.064062 0.126389
36 0.412500 0.479861 0.070312 0.126389
36 0.343750 0.479167 0.064062 0.125000
36 0.278516 0.475000 0.063281 0.119444
29 0.087109 0.477083 0.067969 0.115278
29 0.153125 0.480556 0.064062 0.113889
29 0.217187 0.477778 0.065625 0.111111
48 0.060547 0.195139 0.077344 0.098611
48 0.137891 0.193750 0.074219 0.093056
48 0.212109 0.191667 0.074219 0.100000
48 0.283984 0.196528 0.067969 0.101389
48 0.353906 0.189583 0.068750 0.093056
48 0.428906 0.192361 0.076563 0.101389
33 0.343359 0.332639 0.069531 0.134722
33 0.411328 0.331944 0.069531 0.130556
35 0.215234 0.325000 0.063281 0.122222
35 0.280078 0.325000 0.061719 0.127778
52 0.083594 0.326389 0.075000 0.130556
52 0.153125 0.318750 0.060938 0.134722
30 0.603906 0.330556 0.067188 0.125000
30 0.672656 0.322222 0.073437 0.138889
49 0.070703 0.743056 0.099219 0.166667
49 0.164453 0.741667 0.080469 0.166667
49 0.249219 0.743056 0.081250 0.166667
49 0.331641 0.746528 0.092969 0.179167
49 0.422656 0.739583 0.093750 0.181944
17 0.697656 0.723611 0.089062 0.191667
17 0.523438 0.195139 0.076563 0.109722
17 0.604688 0.193056 0.062500 0.094444
17 0.673828 0.186111 0.072656 0.097222
51 0.748438 0.198611 0.068750 0.102778
51 0.820703 0.188889 0.069531 0.100000
