51 0.758984 0.190972 0.060156 0.106944
51 0.817187 0.188194 0.056250 0.118056
9 0.579687 0.186111 0.064062 0.105556
9 0.644531 0.182639 0.056250 0.101389
9 0.699609 0.184722 0.053906 0.119444
48 0.204297 0.191667 0.066406 0.105556
48 0.270312 0.190278 0.064062 0.116667
48 0.329688 0.190278 0.051562 0.105556
48 0.388672 0.188889 0.061719 0.116667
48 0.444141 0.187500 0.047656 0.113889
48 0.499219 0.189583 0.056250 0.118056
33 0.489844 0.322917 0.059375 0.126389
33 0.433203 0.325000 0.057031 0.130556
35 0.330469 0.322222 0.053125 0.125000
35 0.380078 0.317361 0.042969 0.137500
37 0.222266 0.324306 0.049219 0.134722
37 0.275391 0.325694 0.055469 0.134722
30 0.641406 0.327083 0.056250 0.115278
30 0.699219 0.322222 0.059375 0.127778
37 0.702734 0.478472 0.069531 0.126389
37 0.764453 0.476389 0.053906 0.136111
36 0.485547 0.479861 0.055469 0.131944
36 0.432422 0.479861 0.050781 0.131944
36 0.381250 0.481944 0.056250 0.133333
29 0.227734 0.478472 0.055469 0.118056
29 0.278125 0.480556 0.045313 0.122222
29 0.326562 0.476389 0.048437 0.122222
17 0.708984 0.743750 0.077344 0.204167
49 0.187500 0.761806 0.107813 0.181944
49 0.266797 0.760417 0.071094 0.198611
49 0.338672 0.752778 0.064844 0.205556
49 0.406641 0.752083 0.064844 0.212500
49 0.482812 0.763194 0.087500 0.184722
37 0.478516 0.620139 0.369531 0.073611
