46 0.895312 0.118750 0.123438 0.151389
46 0.768750 0.118750 0.129688 0.151389
46 0.637500 0.111806 0.126563 0.162500
46 0.495313 0.113194 0.117188 0.151389
45 0.348047 0.144444 0.117969 0.122222
45 0.223828 0.139583 0.111719 0.112500
27 0.107813 0.138889 0.098438 0.100000
27 0.909766 0.357639 0.147656 0.184722
35 0.789062 0.309722 0.095312 0.161111
35 0.686328 0.311806 0.111719 0.162500
34 0.575000 0.310417 0.107813 0.159722
11 0.450000 0.309722 0.120312 0.172222
11 0.326562 0.308333 0.123438 0.172222
30 0.205469 0.318056 0.114063 0.161111
52 0.095312 0.318750 0.104687 0.181944
48 0.933594 0.529861 0.118750 0.143056
48 0.802734 0.525694 0.132031 0.123611
48 0.652734 0.528472 0.125781 0.123611
48 0.509766 0.522222 0.124219 0.122222
48 0.385547 0.531250 0.122656 0.123611
48 0.260156 0.529167 0.118750 0.125000
45 0.133984 0.521528 0.132031 0.137500
48 0.910547 0.677083 0.147656 0.137500
48 0.772656 0.672222 0.128125 0.141667
48 0.644531 0.663889 0.129688 0.144444
48 0.516797 0.665278 0.119531 0.133333
48 0.391016 0.670139 0.132031 0.137500
48 0.262500 0.671528 0.123438 0.143056
48 0.132422 0.675694 0.121094 0.154167
48 0.039453 0.675694 0.063281 0.145833
42 0.936719 0.858333 0.123438 0.241667
42 0.796484 0.856250 0.152344 0.240278
42 0.634766 0.846528 0.157031 0.212500
42 0.462109 0.853472 0.161719 0.226389
42 0.305469 0.868056 0.145313 0.225000
42 0.151562 0.858333 0.148438 0.208333
