10 0.826953 0.804167 0.117969 0.272222
10 0.707031 0.804167 0.121875 0.272222
9 0.585156 0.845833 0.121875 0.172222
45 0.772266 0.540972 0.102344 0.170833
45 0.668359 0.540278 0.105469 0.169444
49 0.470703 0.811806 0.108594 0.265278
49 0.356641 0.806944 0.119531 0.255556
49 0.225781 0.813194 0.123438 0.259722
49 0.087109 0.815278 0.122656 0.269444
45 0.557813 0.542361 0.110937 0.181944
46 0.417188 0.518750 0.095312 0.237500
46 0.309766 0.519444 0.119531 0.238889
11 0.794922 0.256944 0.113281 0.236111
11 0.678125 0.254167 0.106250 0.230556
52 0.575391 0.255556 0.097656 0.222222
52 0.478516 0.255556 0.096094 0.222222
27 0.377344 0.291667 0.103125 0.163889
27 0.267188 0.289583 0.117188 0.162500
27 0.163281 0.290278 0.090625 0.163889
27 0.057422 0.284028 0.114844 0.162500
37 0.219922 0.170833 0.410156 0.083333
46 0.191016 0.518056 0.099219 0.219444
46 0.078906 0.502083 0.114063 0.237500
