17 0.421484 0.210417 0.164844 0.151389
17 0.578125 0.213194 0.145313 0.168056
17 0.730469 0.213194 0.143750 0.156944
17 0.848828 0.220833 0.092969 0.150000
17 0.933594 0.213194 0.078125 0.159722
13 0.094922 0.412500 0.188281 0.125000
13 0.276953 0.405556 0.175781 0.125000
13 0.458594 0.410417 0.187500 0.115278
24 0.634766 0.418750 0.164844 0.120833
24 0.801562 0.411111 0.176563 0.116667
22 0.128516 0.555556 0.075781 0.119444
22 0.242188 0.546528 0.146875 0.109722
22 0.383984 0.538889 0.138281 0.102778
22 0.528906 0.550000 0.145313 0.113889
22 0.675391 0.546528 0.141406 0.109722
22 0.820312 0.550000 0.142188 0.116667
22 0.937500 0.561806 0.096875 0.126389
24 0.135937 0.680556 0.159375 0.127778
24 0.280469 0.679861 0.129688 0.115278
24 0.431641 0.681250 0.174219 0.109722
24 0.674609 0.688194 0.152344 0.126389
24 0.841797 0.700000 0.108594 0.086111
17 0.151172 0.881250 0.161719 0.170833
17 0.485547 0.881250 0.149219 0.170833
17 0.623828 0.868750 0.141406 0.176389
17 0.766406 0.859028 0.157813 0.206944
17 0.939062 0.872222 0.121875 0.222222
16 0.319141 0.876389 0.167969 0.205556
