1 0.910156 0.129861 0.165625 0.109722
1 0.739062 0.134028 0.151562 0.101389
1 0.576953 0.138194 0.153906 0.106944
3 0.412891 0.138194 0.171094 0.106944
3 0.243750 0.139583 0.167187 0.109722
3 0.080469 0.138194 0.160938 0.112500
4 0.429688 0.286111 0.156250 0.147222
4 0.266406 0.290972 0.170312 0.156944
4 0.091797 0.288889 0.178906 0.161111
36 0.931250 0.282639 0.131250 0.162500
36 0.778906 0.286111 0.170312 0.152778
36 0.603516 0.284722 0.180469 0.150000
36 0.946484 0.442361 0.100781 0.143056
36 0.845703 0.441667 0.103906 0.138889
36 0.723047 0.443056 0.141406 0.141667
36 0.580078 0.445139 0.144531 0.137500
37 0.430859 0.438194 0.125781 0.143056
11 0.263281 0.445139 0.156250 0.137500
37 0.110156 0.443056 0.148438 0.147222
31 0.958594 0.599306 0.082813 0.137500
31 0.847656 0.602778 0.134375 0.130556
31 0.715234 0.602778 0.119531 0.122222
31 0.618750 0.601389 0.073437 0.138889
31 0.514453 0.608333 0.135156 0.125000
37 0.203125 0.601389 0.118750 0.155556
37 0.101953 0.596528 0.110156 0.148611
37 0.103125 0.836111 0.176563 0.191667
37 0.281641 0.831944 0.171094 0.213889
37 0.439063 0.824306 0.142188 0.193056
37 0.379297 0.594444 0.141406 0.152778
37 0.789453 0.842361 0.163281 0.156944
37 0.936328 0.820833 0.121094 0.222222
37 0.610547 0.829167 0.196094 0.211111
