48 0.935547 0.869444 0.110156 0.155556
48 0.814062 0.870833 0.132812 0.158333
48 0.680859 0.867361 0.133594 0.165278
48 0.511328 0.870139 0.128906 0.159722
48 0.319531 0.868056 0.131250 0.155556
48 0.185937 0.872917 0.135937 0.165278
48 0.060156 0.872222 0.115625 0.163889
49 0.937891 0.661111 0.110156 0.216667
49 0.800781 0.657639 0.131250 0.215278
49 0.659375 0.660417 0.129688 0.215278
49 0.517578 0.657639 0.130469 0.215278
49 0.366016 0.661806 0.128906 0.220833
49 0.227344 0.661806 0.117188 0.226389
49 0.082422 0.661111 0.136719 0.216667
49 0.100391 0.422222 0.139844 0.219444
49 0.252344 0.424306 0.135937 0.220833
49 0.398828 0.420833 0.127344 0.216667
49 0.539453 0.430556 0.127344 0.225000
9 0.673437 0.456944 0.134375 0.163889
10 0.943359 0.404861 0.111719 0.234722
10 0.815234 0.416667 0.127344 0.241667
46 0.482422 0.153472 0.117969 0.218056
46 0.353906 0.148611 0.120312 0.211111
46 0.222656 0.148611 0.120312 0.219444
46 0.090625 0.151389 0.129688 0.211111
45 0.909766 0.193750 0.114844 0.143056
45 0.787891 0.194444 0.128906 0.144444
45 0.659375 0.193750 0.128125 0.145833
