15 0.781250 0.893056 0.151562 0.205556
15 0.563672 0.895139 0.144531 0.209722
15 0.362891 0.895139 0.157031 0.209722
15 0.256641 0.677083 0.138281 0.165278
15 0.249219 0.490972 0.145313 0.187500
15 0.409766 0.490972 0.138281 0.165278
15 0.558203 0.498611 0.142969 0.152778
15 0.720312 0.495139 0.164062 0.179167
15 0.426562 0.307639 0.167187 0.179167
15 0.098047 0.309028 0.161719 0.162500
15 0.260938 0.121528 0.132812 0.168056
15 0.103906 0.121528 0.146875 0.165278
15 0.411328 0.120139 0.152344 0.176389
15 0.438281 0.679861 0.143750 0.184722
