14 0.382422 0.125694 0.122656 0.095833
14 0.260156 0.128472 0.121875 0.101389
15 0.146094 0.119444 0.103125 0.111111
15 0.508203 0.102778 0.124219 0.141667
15 0.635156 0.100694 0.125000 0.151389
15 0.762109 0.102778 0.114844 0.141667
15 0.907812 0.103472 0.120312 0.145833
15 0.891406 0.278472 0.131250 0.156944
15 0.760156 0.280556 0.121875 0.161111
15 0.635938 0.279861 0.126563 0.159722
15 0.505859 0.282639 0.124219 0.148611
15 0.370703 0.284028 0.117969 0.151389
15 0.245703 0.279167 0.122656 0.147222
15 0.255078 0.448611 0.103906 0.147222
15 0.376563 0.444444 0.115625 0.152778
15 0.502344 0.445833 0.120312 0.155556
15 0.626172 0.443056 0.107031 0.155556
15 0.759375 0.441667 0.125000 0.152778
15 0.899219 0.436806 0.120312 0.162500
36 0.900000 0.616667 0.118750 0.161111
36 0.780078 0.627083 0.116406 0.148611
36 0.664453 0.627083 0.114844 0.143056
36 0.511328 0.627083 0.133594 0.165278
36 0.387109 0.621528 0.105469 0.156944
36 0.268750 0.625000 0.126563 0.163889
36 0.150391 0.617361 0.111719 0.145833
4 0.053125 0.628472 0.075000 0.162500
3 0.205078 0.827083 0.133594 0.137500
3 0.069922 0.828472 0.139844 0.140278
7 0.114453 0.448611 0.121094 0.158333
1 0.483203 0.820833 0.125781 0.141667
1 0.341016 0.822222 0.133594 0.127778
15 0.132812 0.282639 0.093750 0.154167
