7 0.070312 0.811806 0.131250 0.204167
7 0.191016 0.793750 0.114844 0.181944
7 0.321484 0.793056 0.100781 0.172222
24 0.122656 0.627083 0.139062 0.140278
24 0.314453 0.625694 0.166406 0.154167
24 0.489844 0.627778 0.137500 0.136111
24 0.634375 0.630556 0.153125 0.141667
24 0.788281 0.626389 0.156250 0.138889
37 0.926562 0.633333 0.123438 0.158333
50 0.041016 0.483333 0.071094 0.122222
50 0.139844 0.475694 0.123438 0.134722
50 0.307422 0.483333 0.132031 0.136111
50 0.438281 0.482639 0.109375 0.115278
50 0.581641 0.486111 0.117969 0.127778
50 0.704297 0.484722 0.125781 0.138889
50 0.825391 0.477778 0.121094 0.133333
50 0.942578 0.489583 0.114844 0.123611
53 0.552344 0.319444 0.140625 0.180556
53 0.688672 0.313194 0.128906 0.181944
38 0.062891 0.318750 0.105469 0.168056
38 0.176953 0.318056 0.111719 0.183333
5 0.535156 0.797222 0.104687 0.175000
