45 0.875391 0.513889 0.117969 0.166667
45 0.754687 0.517361 0.123438 0.173611
45 0.630859 0.520139 0.124219 0.168056
46 0.467578 0.477778 0.136719 0.252778
46 0.339453 0.477083 0.119531 0.251389
46 0.215625 0.466667 0.114063 0.255556
46 0.094141 0.479167 0.121094 0.258333
27 0.415625 0.259028 0.115625 0.159722
27 0.286719 0.253472 0.117188 0.165278
27 0.178906 0.254861 0.098438 0.162500
27 0.063281 0.254167 0.126563 0.161111
52 0.649609 0.224306 0.105469 0.215278
52 0.540234 0.221528 0.113281 0.226389
11 0.897656 0.209722 0.128125 0.230556
11 0.769531 0.217361 0.118750 0.231944
49 0.517187 0.781250 0.125000 0.251389
49 0.383203 0.778472 0.130469 0.245833
49 0.238672 0.771528 0.133594 0.243056
49 0.095703 0.781250 0.136719 0.251389
10 0.921875 0.765278 0.109375 0.269444
10 0.781641 0.769444 0.127344 0.269444
9 0.645312 0.808333 0.129688 0.197222
