19 0.145703 0.188889 0.119531 0.102778
19 0.286328 0.179861 0.155469 0.104167
19 0.436719 0.174306 0.146875 0.118056
19 0.592188 0.174306 0.171875 0.109722
19 0.717969 0.170833 0.084375 0.100000
19 0.841016 0.170833 0.142969 0.102778
21 0.144922 0.337500 0.174219 0.169444
21 0.310547 0.333333 0.147656 0.161111
21 0.496875 0.329861 0.164062 0.159722
32 0.659375 0.329861 0.162500 0.156944
20 0.817187 0.290972 0.148438 0.070833
20 0.818359 0.340278 0.155469 0.075000
20 0.824219 0.387500 0.148438 0.052778
20 0.944922 0.288194 0.100781 0.065278
20 0.944922 0.345139 0.105469 0.070833
20 0.941016 0.389583 0.096094 0.062500
12 0.127734 0.503472 0.169531 0.093056
12 0.298438 0.504167 0.167187 0.100000
12 0.464844 0.499306 0.167187 0.101389
12 0.636719 0.488194 0.168750 0.112500
12 0.773828 0.488194 0.111719 0.098611
12 0.914453 0.500000 0.164844 0.113889
5 0.643750 0.652083 0.168750 0.176389
5 0.819141 0.650000 0.099219 0.172222
5 0.949219 0.645833 0.101562 0.172222
7 0.112109 0.650000 0.147656 0.180556
7 0.269922 0.652083 0.155469 0.181944
7 0.456641 0.656250 0.158594 0.176389
10 0.595703 0.872222 0.111719 0.186111
10 0.738672 0.881944 0.174219 0.205556
10 0.907422 0.881250 0.157031 0.204167
