10 0.401172 0.877778 0.124219 0.213889
10 0.573047 0.870139 0.119531 0.206944
10 0.692187 0.875000 0.123438 0.219444
46 0.851562 0.090972 0.171875 0.181944
46 0.487109 0.094444 0.175781 0.188889
46 0.314453 0.090278 0.149219 0.180556
46 0.103906 0.088889 0.170312 0.172222
46 0.193750 0.094444 0.090625 0.169444
48 0.877734 0.461111 0.174219 0.119444
48 0.752344 0.457639 0.078125 0.126389
48 0.642187 0.450694 0.139062 0.109722
48 0.506641 0.456250 0.132031 0.120833
48 0.360938 0.459028 0.159375 0.115278
48 0.205859 0.463889 0.150781 0.125000
50 0.931250 0.269444 0.073437 0.075000
50 0.936719 0.347222 0.060938 0.075000
50 0.818750 0.272917 0.154687 0.065278
50 0.807813 0.344444 0.156250 0.075000
50 0.645312 0.276389 0.150000 0.083333
50 0.631641 0.346528 0.166406 0.070833
50 0.453516 0.274306 0.169531 0.084722
50 0.462109 0.343056 0.172656 0.063889
50 0.280469 0.272917 0.162500 0.081944
50 0.282422 0.345139 0.160156 0.070833
50 0.110937 0.274306 0.157813 0.084722
50 0.114844 0.347222 0.157813 0.072222
