27 0.034766 0.140278 0.058594 0.116667
27 0.124609 0.134028 0.108594 0.118056
45 0.246484 0.139583 0.121094 0.129167
45 0.363281 0.134722 0.115625 0.130556
46 0.503125 0.111806 0.118750 0.148611
46 0.648438 0.107639 0.114063 0.159722
46 0.775781 0.108333 0.103125 0.158333
46 0.903516 0.110417 0.122656 0.162500
52 0.111719 0.295139 0.100000 0.170833
30 0.216797 0.297222 0.108594 0.161111
11 0.335547 0.295833 0.125781 0.169444
11 0.458594 0.295833 0.115625 0.180556
34 0.573828 0.292361 0.113281 0.176389
35 0.685547 0.288889 0.110156 0.177778
35 0.791406 0.290278 0.096875 0.175000
27 0.911719 0.322222 0.143750 0.138889
42 0.155469 0.822222 0.145313 0.275000
42 0.298438 0.828472 0.145313 0.276389
42 0.452344 0.827083 0.168750 0.276389
42 0.619922 0.822222 0.166406 0.277778
42 0.781641 0.827083 0.155469 0.270833
42 0.926172 0.818750 0.125781 0.259722
45 0.045703 0.482639 0.080469 0.143056
45 0.147656 0.479167 0.114063 0.141667
48 0.267188 0.482639 0.120312 0.143056
48 0.388672 0.477083 0.122656 0.148611
48 0.510938 0.469444 0.129688 0.163889
48 0.646875 0.491667 0.135937 0.155556
48 0.794531 0.495833 0.140625 0.141667
48 0.937109 0.501389 0.114844 0.136111
48 0.046484 0.622917 0.082031 0.134722
48 0.147266 0.620139 0.117969 0.129167
48 0.267188 0.623611 0.121875 0.144444
48 0.385938 0.622917 0.123438 0.126389
48 0.511328 0.627083 0.122656 0.118056
48 0.638281 0.631944 0.123438 0.102778
48 0.765234 0.636806 0.121094 0.106944
48 0.891016 0.629861 0.122656 0.098611
