37 0.632812 0.200000 0.085938 0.183333
4 0.188281 0.430556 0.104687 0.238889
4 0.289844 0.436111 0.103125 0.230556
37 0.283203 0.194444 0.096094 0.180556
37 0.190625 0.194444 0.089062 0.163889
37 0.083203 0.194444 0.111719 0.177778
37 0.461328 0.195139 0.092969 0.179167
32 0.582812 0.434028 0.095312 0.248611
17 0.482031 0.430556 0.098438 0.255556
17 0.388281 0.431944 0.089062 0.258333
16 0.871875 0.436111 0.098438 0.244444
16 0.773438 0.440278 0.096875 0.244444
16 0.678906 0.436111 0.092188 0.252778
37 0.966406 0.197917 0.067188 0.190278
29 0.757812 0.189583 0.079687 0.179167
29 0.697266 0.188889 0.041406 0.177778
38 0.867578 0.193056 0.088281 0.188889
5 0.278906 0.804861 0.096875 0.251389
5 0.167187 0.844444 0.109375 0.261111
21 0.082031 0.433333 0.101562 0.236111
27 0.400391 0.741667 0.102344 0.169444
27 0.387500 0.893750 0.095312 0.151389
37 0.547656 0.194444 0.078125 0.183333
13 0.964844 0.861806 0.068750 0.190278
13 0.864844 0.864583 0.118750 0.184722
41 0.750391 0.700694 0.482031 0.101389
24 0.491797 0.868056 0.103906 0.197222
