19 0.104687 0.155556 0.129688 0.094444
19 0.242188 0.154167 0.132812 0.091667
19 0.381641 0.158333 0.136719 0.091667
19 0.521484 0.156250 0.136719 0.098611
19 0.660156 0.150000 0.146875 0.097222
19 0.808203 0.149306 0.144531 0.090278
19 0.945703 0.163194 0.096094 0.106944
20 0.179297 0.296528 0.138281 0.059722
20 0.179297 0.336111 0.127344 0.041667
20 0.257031 0.255556 0.107813 0.044444
20 0.341797 0.294444 0.107031 0.050000
20 0.347656 0.339583 0.123438 0.043056
20 0.487109 0.292361 0.117969 0.065278
20 0.483984 0.337500 0.121094 0.050000
20 0.627734 0.287500 0.136719 0.125000
16 0.096484 0.771528 0.117969 0.148611
16 0.216797 0.765972 0.116406 0.145833
16 0.363672 0.765972 0.117969 0.151389
5 0.228906 0.608333 0.139062 0.152778
5 0.390234 0.603472 0.157031 0.154167
5 0.532422 0.602083 0.133594 0.143056
5 0.684375 0.603472 0.139062 0.140278
5 0.834766 0.604861 0.135156 0.140278
5 0.942969 0.603472 0.085938 0.162500
7 0.216406 0.450694 0.139062 0.131944
7 0.359375 0.447917 0.135937 0.131944
7 0.503516 0.450694 0.135156 0.143056
7 0.639844 0.450000 0.135937 0.150000
7 0.778906 0.448611 0.146875 0.141667
7 0.921094 0.450000 0.129688 0.141667
7 0.091406 0.450694 0.109375 0.140278
