10 0.938281 0.165972 0.114063 0.151389
10 0.814453 0.165972 0.133594 0.151389
10 0.671094 0.172917 0.148438 0.137500
10 0.528125 0.176389 0.137500 0.144444
10 0.382812 0.172222 0.153125 0.152778
10 0.236328 0.176389 0.139844 0.161111
10 0.090234 0.172222 0.152344 0.169444
49 0.373828 0.327083 0.102344 0.118056
49 0.239063 0.321528 0.160938 0.134722
49 0.080859 0.316667 0.161719 0.119444
48 0.771094 0.434028 0.057813 0.093056
48 0.674609 0.440972 0.139844 0.081944
48 0.505078 0.448611 0.152344 0.091667
48 0.360156 0.447222 0.142188 0.094444
48 0.221094 0.448611 0.135937 0.100000
48 0.078906 0.448611 0.148438 0.100000
23 0.640234 0.584722 0.108594 0.119444
23 0.469922 0.573611 0.161719 0.102778
23 0.310156 0.577778 0.157813 0.111111
23 0.133203 0.572222 0.185156 0.113889
22 0.901953 0.589583 0.132031 0.093056
16 0.918359 0.711111 0.138281 0.130556
15 0.379687 0.704861 0.131250 0.118056
15 0.222656 0.711111 0.162500 0.127778
15 0.074219 0.722222 0.134375 0.150000
37 0.766016 0.717361 0.147656 0.137500
37 0.605859 0.730556 0.155469 0.136111
37 0.493750 0.711806 0.090625 0.140278
