51 0.053125 0.144444 0.101562 0.102778
51 0.160547 0.144444 0.111719 0.105556
51 0.269141 0.145139 0.099219 0.093056
50 0.385938 0.157639 0.123438 0.056944
50 0.513672 0.154861 0.128906 0.065278
27 0.684375 0.138889 0.118750 0.102778
27 0.805859 0.138194 0.117969 0.095833
49 0.065234 0.274306 0.088281 0.120833
49 0.169922 0.272917 0.119531 0.134722
49 0.284766 0.284028 0.111719 0.159722
49 0.401953 0.278472 0.116406 0.134722
49 0.068750 0.830556 0.110937 0.169444
49 0.187891 0.817361 0.103906 0.143056
49 0.300000 0.816667 0.101562 0.183333
49 0.423438 0.820833 0.106250 0.163889
49 0.536328 0.821528 0.113281 0.187500
49 0.667578 0.824306 0.119531 0.168056
49 0.781250 0.819444 0.109375 0.188889
47 0.526953 0.267361 0.125781 0.134722
47 0.649219 0.268056 0.112500 0.127778
47 0.776172 0.261111 0.128906 0.141667
52 0.048828 0.416667 0.088281 0.127778
52 0.146094 0.418750 0.093750 0.131944
11 0.248047 0.417361 0.111719 0.134722
11 0.367578 0.429167 0.086719 0.147222
11 0.453906 0.420833 0.093750 0.130556
10 0.555859 0.421528 0.119531 0.131944
10 0.673828 0.418056 0.117969 0.138889
10 0.788672 0.418750 0.110156 0.134722
9 0.050781 0.611111 0.093750 0.111111
9 0.156641 0.611806 0.111719 0.134722
9 0.264844 0.609028 0.098438 0.120833
9 0.360156 0.610417 0.085938 0.123611
45 0.461328 0.608333 0.114844 0.119444
45 0.582422 0.615972 0.119531 0.129167
45 0.697266 0.614583 0.113281 0.106944
29 0.814453 0.600000 0.108594 0.147222
