51 0.062500 0.131250 0.121875 0.109722
51 0.185937 0.129861 0.123438 0.101389
51 0.310156 0.122222 0.120312 0.102778
50 0.447266 0.145139 0.152344 0.073611
50 0.591406 0.137500 0.142188 0.075000
27 0.780078 0.125694 0.158594 0.101389
27 0.921484 0.126389 0.139844 0.119444
49 0.071484 0.266667 0.121094 0.125000
49 0.193750 0.259722 0.121875 0.138889
49 0.325000 0.261111 0.137500 0.136111
49 0.462891 0.261111 0.138281 0.152778
49 0.071875 0.817361 0.143750 0.173611
49 0.205469 0.806250 0.104687 0.179167
49 0.329688 0.815278 0.110937 0.158333
49 0.453906 0.821528 0.148438 0.187500
49 0.595312 0.814583 0.129688 0.168056
49 0.744922 0.834722 0.141406 0.197222
49 0.874609 0.829861 0.116406 0.159722
29 0.910156 0.606250 0.123438 0.148611
45 0.776172 0.608333 0.111719 0.108333
45 0.657812 0.624306 0.125000 0.101389
45 0.526563 0.613889 0.126563 0.108333
9 0.060547 0.607639 0.107031 0.106944
9 0.178516 0.613194 0.121094 0.106944
9 0.302344 0.615972 0.115625 0.118056
9 0.415625 0.615278 0.096875 0.119444
52 0.060938 0.419444 0.098438 0.141667
52 0.168750 0.411111 0.115625 0.147222
10 0.631250 0.420833 0.126563 0.150000
10 0.762109 0.405556 0.130469 0.133333
10 0.889844 0.412500 0.125000 0.150000
11 0.286719 0.411806 0.121875 0.134722
11 0.420312 0.411806 0.092188 0.123611
11 0.512891 0.406944 0.100781 0.147222
47 0.601172 0.266667 0.141406 0.122222
47 0.738672 0.270139 0.133594 0.134722
47 0.883984 0.263194 0.149219 0.129167
