20 0.809375 0.123611 0.148438 0.069444
20 0.821484 0.057639 0.158594 0.062500
20 0.607422 0.060417 0.161719 0.073611
20 0.601562 0.133333 0.134375 0.069444
20 0.452734 0.059722 0.149219 0.069444
20 0.454688 0.127083 0.143750 0.068056
20 0.301562 0.129167 0.154687 0.061111
20 0.299219 0.065278 0.150000 0.066667
20 0.102734 0.051389 0.146094 0.069444
20 0.125391 0.127083 0.114844 0.070833
2 0.922656 0.297917 0.090625 0.159722
2 0.817187 0.299306 0.120312 0.162500
2 0.692969 0.307639 0.121875 0.148611
2 0.569141 0.309028 0.125781 0.151389
2 0.447656 0.303472 0.117188 0.162500
2 0.318750 0.303472 0.121875 0.165278
2 0.194141 0.299306 0.127344 0.156944
2 0.067969 0.300694 0.125000 0.154167
12 0.914062 0.522222 0.146875 0.136111
12 0.774219 0.512500 0.123438 0.152778
12 0.633594 0.513194 0.157813 0.154167
12 0.474219 0.513889 0.162500 0.150000
12 0.333984 0.504861 0.122656 0.123611
12 0.189844 0.512500 0.156250 0.138889
26 0.696875 0.810417 0.153125 0.226389
19 0.419531 0.845139 0.168750 0.170833
19 0.412109 0.677083 0.150781 0.148611
19 0.242969 0.709028 0.178125 0.156944
19 0.240625 0.857639 0.178125 0.148611
19 0.080078 0.702083 0.160156 0.156944
19 0.074609 0.860417 0.149219 0.156944
