24 0.125000 0.065972 0.160938 0.126389
24 0.453906 0.063889 0.157813 0.119444
24 0.293359 0.061806 0.160156 0.118056
22 0.600391 0.072222 0.133594 0.113889
22 0.734766 0.075000 0.135156 0.119444
22 0.868750 0.071528 0.126563 0.123611
22 0.100781 0.271528 0.126563 0.115278
22 0.228906 0.268056 0.131250 0.119444
22 0.357812 0.268750 0.123438 0.120833
22 0.487891 0.266667 0.128906 0.111111
22 0.623438 0.272222 0.128125 0.122222
22 0.754687 0.271528 0.128125 0.115278
22 0.875781 0.271528 0.104687 0.115278
17 0.172266 0.431944 0.150781 0.161111
23 0.380469 0.432639 0.132812 0.173611
23 0.274219 0.431944 0.076563 0.166667
23 0.805078 0.428472 0.094531 0.165278
23 0.859375 0.629861 0.118750 0.156944
23 0.732422 0.633333 0.133594 0.163889
23 0.604297 0.627778 0.125781 0.158333
23 0.465625 0.625000 0.121875 0.158333
23 0.331250 0.628472 0.134375 0.156944
23 0.192969 0.631944 0.132812 0.166667
23 0.088281 0.627778 0.076563 0.169444
13 0.698438 0.863194 0.175000 0.159722
13 0.360547 0.870833 0.125781 0.158333
13 0.500781 0.866667 0.135937 0.161111
13 0.220703 0.872222 0.146094 0.163889
13 0.085156 0.865278 0.115625 0.163889
