37 0.936719 0.764583 0.125000 0.206944
37 0.613281 0.765278 0.193750 0.188889
37 0.787500 0.776389 0.154687 0.158333
37 0.444531 0.766667 0.137500 0.175000
37 0.293359 0.774306 0.167969 0.170833
37 0.397266 0.559028 0.136719 0.134722
37 0.121094 0.772222 0.168750 0.163889
37 0.222266 0.565972 0.110156 0.148611
37 0.124609 0.557639 0.099219 0.148611
31 0.528125 0.571528 0.125000 0.115278
31 0.625781 0.564583 0.068750 0.109722
31 0.715625 0.567361 0.117188 0.101389
31 0.841406 0.566667 0.131250 0.111111
31 0.951953 0.561111 0.086719 0.108333
36 0.944922 0.427083 0.103906 0.123611
36 0.844922 0.424306 0.096094 0.118056
36 0.726172 0.425694 0.141406 0.115278
36 0.588672 0.428472 0.133594 0.120833
36 0.615234 0.296528 0.175781 0.137500
36 0.782031 0.292361 0.157813 0.129167
36 0.929297 0.293056 0.136719 0.127778
37 0.435547 0.423611 0.135156 0.122222
11 0.290625 0.431944 0.148438 0.113889
37 0.141797 0.430556 0.142969 0.105556
4 0.450781 0.292361 0.145313 0.123611
4 0.297266 0.293750 0.161719 0.126389
4 0.134766 0.295833 0.163281 0.122222
3 0.443359 0.170833 0.152344 0.094444
3 0.285937 0.173611 0.162500 0.100000
3 0.129688 0.177778 0.150000 0.091667
1 0.910156 0.168750 0.151562 0.093056
1 0.743359 0.166667 0.142969 0.088889
1 0.594922 0.172917 0.141406 0.084722
