19 0.065625 0.918056 0.131250 0.125000
51 0.916406 0.915278 0.148438 0.130556
51 0.912500 0.782639 0.140625 0.134722
51 0.776953 0.763889 0.125781 0.144444
51 0.650781 0.766667 0.126563 0.136111
51 0.520312 0.764583 0.134375 0.140278
51 0.339453 0.781250 0.135156 0.143056
51 0.198828 0.790278 0.146094 0.130556
51 0.067188 0.785417 0.134375 0.140278
51 0.771875 0.903472 0.137500 0.137500
51 0.619141 0.902778 0.141406 0.147222
51 0.480078 0.909028 0.136719 0.140278
51 0.343750 0.916667 0.135937 0.125000
51 0.205078 0.916667 0.141406 0.125000
5 0.904688 0.591667 0.128125 0.169444
5 0.774219 0.592361 0.123438 0.165278
5 0.646875 0.593056 0.131250 0.166667
5 0.516406 0.592361 0.129688 0.168056
5 0.391016 0.592361 0.121094 0.168056
5 0.269141 0.590972 0.122656 0.170833
5 0.135547 0.589583 0.144531 0.168056
10 0.911719 0.379861 0.117188 0.168056
11 0.794141 0.386806 0.117969 0.165278
11 0.676562 0.388889 0.117188 0.169444
52 0.567578 0.388889 0.103906 0.158333
52 0.458594 0.388889 0.114063 0.158333
37 0.348828 0.389583 0.108594 0.148611
37 0.237109 0.387500 0.114844 0.144444
37 0.119141 0.388194 0.121094 0.143056
18 0.859375 0.151389 0.129688 0.119444
18 0.735156 0.154861 0.110937 0.115278
18 0.619141 0.150694 0.121094 0.123611
18 0.495313 0.157639 0.126563 0.120833
18 0.370703 0.147222 0.122656 0.119444
18 0.238281 0.147917 0.131250 0.104167
18 0.109375 0.142361 0.121875 0.115278
41 0.467187 0.063889 0.775000 0.075000
