19 0.070703 0.754167 0.124219 0.111111
19 0.062109 0.875000 0.124219 0.127778
19 0.167578 0.875694 0.121094 0.126389
19 0.296484 0.881250 0.133594 0.129167
19 0.221484 0.731944 0.107031 0.097222
19 0.333984 0.723611 0.107031 0.094444
20 0.550000 0.888194 0.120312 0.065278
20 0.551172 0.823611 0.122656 0.063889
20 0.428906 0.907639 0.131250 0.076389
20 0.423438 0.834028 0.120312 0.070833
36 0.932031 0.859028 0.104687 0.156944
36 0.812109 0.858333 0.117969 0.158333
36 0.694141 0.858333 0.117969 0.158333
12 0.907812 0.615278 0.100000 0.111111
12 0.791797 0.608333 0.119531 0.122222
18 0.659766 0.608333 0.117969 0.116667
18 0.543750 0.610417 0.114063 0.120833
18 0.430078 0.607639 0.113281 0.126389
18 0.313281 0.607639 0.114063 0.120833
18 0.187109 0.618750 0.117969 0.118056
18 0.069141 0.615278 0.138281 0.130556
48 0.935938 0.483333 0.103125 0.122222
48 0.822656 0.485417 0.121875 0.129167
48 0.701172 0.483333 0.121094 0.125000
48 0.580078 0.483333 0.121094 0.125000
48 0.433984 0.481944 0.125781 0.127778
48 0.311719 0.484722 0.118750 0.122222
48 0.188281 0.484722 0.128125 0.122222
48 0.063672 0.484722 0.121094 0.122222
49 0.825391 0.340972 0.128906 0.148611
49 0.705078 0.338194 0.111719 0.143056
49 0.219531 0.338194 0.131250 0.145833
49 0.081250 0.346528 0.145313 0.162500
1 0.951563 0.152778 0.085938 0.161111
34 0.857813 0.165972 0.101562 0.137500
37 0.620313 0.162500 0.112500 0.152778
39 0.506641 0.167361 0.105469 0.148611
39 0.396875 0.162500 0.114063 0.138889
39 0.281250 0.158333 0.117188 0.147222
39 0.168359 0.159722 0.108594 0.150000
39 0.058203 0.156250 0.111719 0.156944
