37 0.117969 0.611806 0.084375 0.181944
49 0.175781 0.643056 0.081250 0.180556
49 0.251953 0.638889 0.071094 0.175000
49 0.324609 0.636806 0.075781 0.168056
49 0.394141 0.640278 0.078906 0.177778
49 0.473437 0.637500 0.078125 0.161111
17 0.687109 0.625694 0.067969 0.187500
37 0.637891 0.365972 0.067969 0.120833
37 0.702344 0.362500 0.057813 0.127778
36 0.424609 0.367361 0.053906 0.112500
36 0.374609 0.367361 0.049219 0.115278
36 0.321094 0.369444 0.056250 0.116667
29 0.269922 0.370833 0.046094 0.113889
29 0.219531 0.370139 0.050000 0.112500
29 0.165625 0.367361 0.056250 0.112500
33 0.426953 0.214583 0.049219 0.123611
33 0.371484 0.216667 0.046094 0.127778
35 0.321484 0.217361 0.046094 0.120833
30 0.578516 0.219444 0.057031 0.116667
30 0.632422 0.214583 0.050781 0.123611
52 0.162500 0.219444 0.060938 0.127778
52 0.218359 0.218056 0.047656 0.125000
35 0.270703 0.218750 0.050781 0.131944
48 0.151953 0.088194 0.058594 0.101389
48 0.212500 0.088194 0.056250 0.098611
48 0.271484 0.082639 0.063281 0.101389
48 0.330469 0.086111 0.057813 0.102778
48 0.391797 0.090278 0.064844 0.100000
48 0.447656 0.082639 0.062500 0.101389
9 0.520703 0.088889 0.063281 0.102778
9 0.582031 0.088194 0.064062 0.101389
9 0.639063 0.085417 0.059375 0.106944
51 0.696484 0.087500 0.058594 0.094444
51 0.754687 0.084722 0.060938 0.100000
51 0.808984 0.086806 0.055469 0.095833
51 0.854688 0.084028 0.034375 0.098611
41 0.428125 0.504861 0.367188 0.073611
