19 0.091406 0.260417 0.182812 0.109722
19 0.273047 0.243750 0.207031 0.123611
19 0.480469 0.252778 0.207813 0.122222
19 0.642969 0.258333 0.129688 0.125000
19 0.806641 0.268750 0.192969 0.129167
21 0.109766 0.400000 0.216406 0.161111
21 0.367188 0.409722 0.203125 0.144444
32 0.575781 0.411806 0.209375 0.159722
20 0.778125 0.365972 0.176563 0.065278
20 0.784375 0.417361 0.178125 0.065278
20 0.789453 0.463194 0.177344 0.059722
20 0.942187 0.367361 0.112500 0.059722
20 0.937891 0.416667 0.117969 0.063889
20 0.939062 0.461806 0.112500 0.048611
12 0.112500 0.556250 0.220313 0.120833
12 0.329297 0.553472 0.208594 0.098611
12 0.543359 0.561806 0.217969 0.118056
12 0.722266 0.547917 0.136719 0.101389
12 0.894141 0.561111 0.200781 0.105556
5 0.567187 0.705556 0.215625 0.169444
5 0.795703 0.697222 0.180469 0.152778
5 0.944531 0.690972 0.110937 0.148611
10 0.519531 0.887500 0.150000 0.158333
10 0.689453 0.893750 0.186719 0.168056
10 0.907422 0.897222 0.142969 0.166667
7 0.103516 0.706250 0.205469 0.190278
7 0.329297 0.702083 0.188281 0.162500
49 0.092188 0.902083 0.182812 0.162500
49 0.315234 0.888889 0.238281 0.152778
