11 0.072266 0.194444 0.122656 0.136111
11 0.191797 0.186111 0.088281 0.116667
11 0.285937 0.197222 0.109375 0.141667
11 0.386719 0.183333 0.082813 0.133333
48 0.710547 0.196528 0.127344 0.081944
48 0.833594 0.202083 0.106250 0.118056
48 0.941016 0.199306 0.096094 0.118056
33 0.836719 0.345139 0.104687 0.137500
33 0.950000 0.350000 0.095312 0.127778
34 0.729297 0.339583 0.100781 0.143056
35 0.617578 0.343750 0.111719 0.129167
27 0.505859 0.368056 0.107031 0.091667
46 0.667578 0.805556 0.124219 0.177778
46 0.799219 0.809028 0.118750 0.184722
46 0.930469 0.811111 0.115625 0.180556
30 0.230469 0.493750 0.115625 0.123611
30 0.344141 0.494444 0.111719 0.122222
30 0.456641 0.489583 0.100781 0.129167
30 0.565234 0.488194 0.113281 0.137500
8 0.303516 0.640278 0.127344 0.147222
8 0.190234 0.642361 0.092969 0.145833
8 0.092188 0.636111 0.103125 0.136111
28 0.547656 0.793750 0.109375 0.170833
28 0.438672 0.788889 0.097656 0.169444
28 0.325000 0.786111 0.106250 0.158333
28 0.187891 0.795139 0.142969 0.145833
28 0.059766 0.800000 0.099219 0.172222
