39 0.099219 0.230556 0.128125 0.202778
39 0.241016 0.227083 0.121094 0.198611
39 0.365625 0.222222 0.121875 0.188889
39 0.641406 0.227083 0.132812 0.201389
39 0.776172 0.215278 0.125781 0.191667
39 0.875781 0.229167 0.098438 0.191667
39 0.570703 0.233333 0.053906 0.155556
37 0.489844 0.227778 0.125000 0.208333
19 0.146094 0.450694 0.131250 0.151389
19 0.273828 0.447222 0.133594 0.161111
19 0.390234 0.440972 0.113281 0.159722
19 0.508594 0.445833 0.115625 0.163889
19 0.628516 0.444444 0.133594 0.152778
51 0.755078 0.448611 0.116406 0.158333
51 0.837109 0.439583 0.072656 0.165278
51 0.933203 0.447917 0.133594 0.179167
5 0.098828 0.663194 0.080469 0.218056
5 0.221094 0.647222 0.134375 0.202778
7 0.347656 0.645833 0.118750 0.200000
7 0.473047 0.653472 0.132031 0.218056
7 0.604688 0.654861 0.132812 0.223611
7 0.734375 0.656250 0.137500 0.231944
43 0.896484 0.677778 0.182031 0.205556
43 0.751953 0.868750 0.130469 0.159722
43 0.879687 0.867361 0.121875 0.173611
43 0.572266 0.847917 0.121094 0.134722
43 0.474219 0.835417 0.079687 0.101389
37 0.294922 0.906944 0.374219 0.088889
