49 0.783203 0.784028 0.047656 0.151389
49 0.833203 0.782639 0.041406 0.159722
28 0.697656 0.758333 0.045313 0.136111
28 0.579297 0.766667 0.042969 0.130556
28 0.620703 0.752778 0.035156 0.113889
8 0.544531 0.638194 0.029687 0.093056
8 0.579297 0.643056 0.032031 0.105556
8 0.614844 0.640972 0.045313 0.112500
8 0.425000 0.636806 0.035937 0.140278
8 0.465234 0.636111 0.035156 0.133333
0 0.208594 0.488889 0.045313 0.136111
0 0.252734 0.490278 0.039844 0.127778
0 0.295703 0.490278 0.036719 0.116667
0 0.339063 0.490972 0.035937 0.131944
0 0.380469 0.491667 0.039062 0.130556
40 0.208203 0.770833 0.030469 0.133333
40 0.262109 0.761111 0.044531 0.113889
40 0.302734 0.758333 0.035156 0.119444
40 0.338281 0.750694 0.026563 0.134722
40 0.373047 0.772917 0.041406 0.143056
40 0.418359 0.777083 0.042969 0.134722
52 0.669922 0.497917 0.041406 0.115278
52 0.706641 0.498611 0.030469 0.116667
30 0.594922 0.509028 0.038281 0.109722
30 0.631250 0.509028 0.031250 0.106944
33 0.798437 0.370139 0.035937 0.123611
33 0.836719 0.364583 0.039062 0.134722
35 0.727734 0.368750 0.038281 0.126389
34 0.762109 0.365972 0.036719 0.123611
27 0.685547 0.385417 0.039844 0.095833
11 0.544531 0.238194 0.031250 0.115278
11 0.576172 0.238889 0.032031 0.116667
11 0.611719 0.240278 0.037500 0.127778
11 0.642578 0.239583 0.024219 0.115278
49 0.750000 0.240972 0.040625 0.109722
49 0.791797 0.240278 0.044531 0.116667
49 0.834766 0.241667 0.030469 0.111111
53 0.329297 0.240278 0.030469 0.130556
53 0.364844 0.239583 0.039062 0.115278
53 0.398438 0.237500 0.026563 0.111111
53 0.433984 0.231250 0.039844 0.120833
53 0.465625 0.236111 0.029687 0.133333
38 0.539844 0.364583 0.023438 0.131944
38 0.567187 0.365278 0.028125 0.133333
38 0.606641 0.368056 0.044531 0.138889
37 0.653516 0.630556 0.030469 0.122222
37 0.686328 0.622222 0.030469 0.122222
37 0.712500 0.625000 0.028125 0.116667
37 0.744141 0.616667 0.032031 0.111111
25 0.355078 0.626389 0.033594 0.127778
25 0.389844 0.623611 0.032812 0.138889
