39 0.044141 0.127778 0.080469 0.163889
39 0.143359 0.127083 0.119531 0.159722
39 0.256250 0.123611 0.106250 0.161111
39 0.370703 0.125000 0.122656 0.158333
39 0.487891 0.129167 0.113281 0.166667
37 0.603906 0.118750 0.121875 0.162500
35 0.843750 0.133333 0.096875 0.147222
37 0.942578 0.125694 0.097656 0.170833
49 0.067188 0.307639 0.121875 0.173611
49 0.196484 0.308333 0.124219 0.166667
49 0.332031 0.307639 0.135937 0.168056
49 0.687500 0.309722 0.126563 0.158333
49 0.814453 0.304167 0.133594 0.175000
48 0.057813 0.464583 0.110937 0.123611
48 0.175391 0.460417 0.116406 0.120833
48 0.296484 0.456250 0.117969 0.115278
48 0.416406 0.452778 0.125000 0.119444
48 0.560156 0.460417 0.151562 0.104167
48 0.695703 0.461806 0.121094 0.118056
48 0.816406 0.460417 0.120312 0.126389
48 0.937109 0.456250 0.117969 0.126389
18 0.057813 0.596528 0.114063 0.134722
18 0.175781 0.588889 0.121875 0.136111
18 0.295312 0.588194 0.117188 0.129167
18 0.409766 0.580556 0.117969 0.122222
18 0.527734 0.586111 0.117969 0.130556
18 0.647266 0.590972 0.113281 0.134722
12 0.780078 0.589583 0.142969 0.118056
12 0.908594 0.585417 0.120312 0.115278
19 0.073828 0.729167 0.139844 0.122222
19 0.057813 0.858333 0.112500 0.147222
19 0.180078 0.854167 0.127344 0.130556
19 0.308594 0.852778 0.121875 0.130556
19 0.210547 0.728472 0.105469 0.120833
19 0.315625 0.716667 0.104687 0.119444
20 0.437500 0.882639 0.132812 0.087500
20 0.551953 0.868056 0.116406 0.075000
20 0.551562 0.809722 0.110937 0.066667
20 0.435156 0.807639 0.112500 0.056944
36 0.700781 0.831250 0.121875 0.184722
36 0.820312 0.828472 0.120312 0.190278
36 0.939062 0.836806 0.117188 0.184722
