24 0.143750 0.096528 0.164062 0.129167
24 0.312500 0.086806 0.148438 0.129167
24 0.471484 0.086806 0.155469 0.131944
22 0.618750 0.106944 0.131250 0.102778
22 0.754297 0.106944 0.132031 0.100000
22 0.882812 0.111111 0.117188 0.094444
22 0.117188 0.279167 0.139062 0.111111
22 0.249219 0.277083 0.131250 0.112500
22 0.375781 0.281944 0.110937 0.111111
22 0.511328 0.280556 0.124219 0.102778
22 0.639844 0.281944 0.123438 0.111111
22 0.769531 0.280556 0.128125 0.108333
22 0.886719 0.279167 0.098438 0.116667
12 0.106641 0.776389 0.124219 0.122222
12 0.240625 0.777778 0.135937 0.127778
12 0.376953 0.777778 0.128906 0.127778
12 0.520703 0.779861 0.135156 0.131944
13 0.711719 0.786111 0.148438 0.127778
13 0.819531 0.750000 0.093750 0.138889
17 0.189844 0.413194 0.139062 0.148611
23 0.404687 0.420139 0.131250 0.143056
23 0.296094 0.410417 0.081250 0.140278
23 0.855469 0.418056 0.126563 0.138889
23 0.111719 0.570833 0.089062 0.133333
23 0.218750 0.577778 0.120312 0.141667
23 0.353516 0.573611 0.125781 0.152778
23 0.480859 0.575000 0.128906 0.141667
23 0.612891 0.581250 0.128906 0.134722
23 0.748438 0.580556 0.121875 0.152778
23 0.866406 0.590972 0.110937 0.143056
