27 0.438672 0.080556 0.122656 0.141667
27 0.309766 0.077083 0.135156 0.134722
27 0.189844 0.075000 0.104687 0.138889
27 0.069141 0.073611 0.136719 0.136111
52 0.682813 0.075000 0.110937 0.141667
52 0.569141 0.073611 0.111719 0.138889
11 0.803906 0.079861 0.120312 0.131944
46 0.493750 0.279861 0.128125 0.226389
46 0.361328 0.278472 0.119531 0.215278
46 0.230078 0.275694 0.110156 0.231944
46 0.101953 0.280556 0.114844 0.225000
45 0.908203 0.319444 0.117969 0.152778
45 0.786719 0.323611 0.125000 0.141667
45 0.660156 0.322222 0.128125 0.144444
10 0.937500 0.534722 0.104687 0.238889
10 0.800391 0.534028 0.125781 0.234722
9 0.671094 0.572222 0.126563 0.158333
49 0.539062 0.551389 0.132812 0.213889
49 0.400000 0.543750 0.117188 0.229167
49 0.254687 0.545139 0.129688 0.215278
49 0.104297 0.542361 0.139844 0.215278
49 0.921484 0.770139 0.117969 0.195833
49 0.789844 0.767361 0.126563 0.195833
49 0.652344 0.772222 0.118750 0.205556
49 0.509375 0.772917 0.129688 0.215278
49 0.372656 0.772917 0.125000 0.209722
49 0.225781 0.770139 0.131250 0.204167
49 0.091797 0.776389 0.133594 0.202778
