37 0.452344 0.072222 0.642187 0.061111
18 0.781641 0.147222 0.102344 0.105556
18 0.679297 0.150000 0.102344 0.111111
18 0.576953 0.147917 0.102344 0.115278
18 0.476172 0.145139 0.099219 0.109722
18 0.375000 0.147917 0.103125 0.104167
18 0.267188 0.150000 0.112500 0.108333
18 0.160938 0.152778 0.100000 0.102778
10 0.823438 0.352778 0.093750 0.166667
11 0.725391 0.361111 0.100781 0.152778
11 0.627344 0.359722 0.095312 0.150000
52 0.534375 0.363889 0.087500 0.144444
52 0.443359 0.363889 0.094531 0.144444
37 0.348437 0.364583 0.090625 0.140278
37 0.258203 0.360417 0.089844 0.131944
37 0.161328 0.356944 0.103906 0.138889
5 0.819141 0.545833 0.111719 0.166667
5 0.705469 0.547222 0.106250 0.163889
5 0.600391 0.545833 0.102344 0.161111
5 0.491016 0.552083 0.107031 0.154167
5 0.383203 0.539583 0.092969 0.159722
5 0.282422 0.539583 0.108594 0.159722
5 0.171875 0.542361 0.107813 0.159722
51 0.828516 0.745833 0.124219 0.147222
51 0.830078 0.877778 0.122656 0.119444
51 0.711719 0.722222 0.104687 0.144444
51 0.704297 0.866667 0.124219 0.147222
51 0.602734 0.715972 0.114844 0.143056
51 0.578125 0.865972 0.120312 0.140278
51 0.490234 0.721528 0.110156 0.151389
51 0.457422 0.870833 0.116406 0.133333
51 0.341797 0.740278 0.114844 0.127778
51 0.221875 0.751389 0.114063 0.141667
51 0.102734 0.754861 0.124219 0.148611
51 0.339844 0.871528 0.112500 0.134722
51 0.223047 0.888194 0.116406 0.123611
19 0.102734 0.887500 0.121094 0.113889
