22 0.091016 0.089583 0.138281 0.101389
22 0.232812 0.088194 0.126563 0.093056
22 0.401563 0.096528 0.101562 0.076389
17 0.100391 0.239583 0.150781 0.176389
17 0.230078 0.236806 0.108594 0.181944
17 0.353125 0.238889 0.135937 0.166667
16 0.494922 0.239583 0.135156 0.154167
16 0.630859 0.247222 0.132031 0.158333
16 0.759766 0.243750 0.128906 0.165278
16 0.889453 0.250000 0.117969 0.141667
24 0.113281 0.436111 0.150000 0.144444
24 0.264844 0.422917 0.153125 0.145833
24 0.422266 0.432639 0.133594 0.162500
24 0.554688 0.432639 0.129688 0.131944
24 0.678906 0.421528 0.128125 0.131944
24 0.121094 0.621528 0.154687 0.151389
24 0.282031 0.623611 0.159375 0.144444
24 0.438281 0.619444 0.143750 0.130556
24 0.591016 0.627778 0.161719 0.147222
24 0.761719 0.620833 0.173438 0.138889
12 0.082031 0.834722 0.156250 0.144444
13 0.243359 0.820833 0.167969 0.163889
13 0.422266 0.824306 0.182031 0.176389
13 0.650000 0.838889 0.189063 0.175000
13 0.864453 0.840278 0.182031 0.169444
