49 0.154297 0.137500 0.172656 0.141667
49 0.346484 0.146528 0.158594 0.134722
49 0.722266 0.151389 0.155469 0.141667
49 0.219141 0.326389 0.169531 0.119444
49 0.163672 0.482639 0.155469 0.134722
48 0.835547 0.625000 0.182031 0.108333
48 0.651953 0.625694 0.171094 0.104167
48 0.484766 0.624306 0.163281 0.101389
48 0.317578 0.606944 0.169531 0.094444
48 0.146875 0.618056 0.171875 0.116667
42 0.817578 0.790972 0.202344 0.193056
42 0.708984 0.773611 0.121094 0.180556
42 0.544531 0.773611 0.193750 0.180556
42 0.408594 0.760417 0.076563 0.187500
10 0.272656 0.774306 0.170312 0.181944
10 0.150391 0.779861 0.066406 0.195833
10 0.086719 0.790278 0.093750 0.197222
