49 0.680078 0.131944 0.133594 0.138889
49 0.360938 0.121528 0.150000 0.137500
49 0.190234 0.115278 0.177344 0.152778
49 0.257812 0.315278 0.118750 0.136111
49 0.190625 0.479861 0.143750 0.159722
48 0.781641 0.638889 0.155469 0.133333
48 0.622266 0.633333 0.160156 0.141667
48 0.467187 0.626389 0.150000 0.127778
48 0.321094 0.623611 0.142188 0.133333
48 0.152344 0.634028 0.143750 0.118056
42 0.774609 0.835417 0.194531 0.245833
42 0.675391 0.820139 0.111719 0.212500
42 0.528125 0.811111 0.179688 0.200000
42 0.410547 0.800000 0.085156 0.200000
10 0.285547 0.809722 0.144531 0.200000
10 0.135547 0.809028 0.113281 0.184722
10 0.074219 0.860417 0.115625 0.240278
