19 0.909766 0.837500 0.138281 0.125000
19 0.769922 0.838889 0.141406 0.127778
19 0.625781 0.838194 0.131250 0.112500
19 0.483594 0.836806 0.135937 0.115278
19 0.345313 0.840972 0.135937 0.112500
19 0.205469 0.837500 0.143750 0.116667
19 0.071484 0.842361 0.142969 0.109722
19 0.756250 0.334722 0.129688 0.108333
19 0.626172 0.336111 0.121094 0.116667
19 0.496875 0.333333 0.126563 0.111111
19 0.363672 0.329861 0.139844 0.104167
19 0.228906 0.328472 0.129688 0.106944
19 0.095703 0.329167 0.128906 0.108333
21 0.890625 0.302778 0.115625 0.166667
20 0.923437 0.057639 0.121875 0.048611
20 0.925781 0.113889 0.120312 0.061111
20 0.916406 0.175694 0.125000 0.059722
20 0.767969 0.061806 0.134375 0.068056
20 0.779297 0.120139 0.163281 0.056944
20 0.763672 0.174306 0.133594 0.051389
20 0.642578 0.065278 0.121094 0.066667
20 0.635938 0.125000 0.118750 0.055556
20 0.633984 0.174306 0.121094 0.054167
20 0.473828 0.069444 0.125781 0.063889
20 0.478516 0.170139 0.119531 0.048611
20 0.352734 0.172917 0.133594 0.048611
20 0.361719 0.118750 0.146875 0.051389
20 0.356641 0.068056 0.102344 0.052778
20 0.218750 0.059722 0.148438 0.063889
20 0.217187 0.121528 0.134375 0.059722
20 0.080078 0.172222 0.135156 0.052778
20 0.074219 0.114583 0.123438 0.062500
20 0.070703 0.052778 0.130469 0.061111
5 0.921094 0.654861 0.115625 0.162500
5 0.794531 0.650000 0.132812 0.158333
5 0.665625 0.649306 0.125000 0.156944
5 0.537891 0.648611 0.130469 0.158333
5 0.388672 0.648611 0.119531 0.158333
5 0.256641 0.647917 0.128906 0.159722
5 0.122656 0.643056 0.128125 0.163889
6 0.910547 0.481944 0.133594 0.158333
6 0.777344 0.486111 0.118750 0.163889
7 0.642578 0.485417 0.132031 0.151389
7 0.507422 0.481250 0.133594 0.159722
7 0.374219 0.478472 0.132812 0.154167
7 0.234766 0.477778 0.138281 0.169444
7 0.096875 0.472222 0.110937 0.161111
