24 0.902344 0.140278 0.064062 0.127778
24 0.799219 0.140972 0.137500 0.131944
24 0.647656 0.132639 0.129688 0.123611
24 0.488672 0.137500 0.135156 0.122222
24 0.322266 0.134722 0.146094 0.122222
24 0.166406 0.131250 0.151562 0.123611
24 0.891406 0.331250 0.065625 0.129167
24 0.760156 0.336111 0.132812 0.125000
24 0.616016 0.331250 0.153906 0.120833
24 0.468750 0.334722 0.142188 0.116667
24 0.319141 0.331944 0.144531 0.127778
24 0.170703 0.331250 0.153906 0.126389
37 0.536328 0.433333 0.710156 0.058333
22 0.879687 0.523611 0.071875 0.116667
22 0.778516 0.522222 0.122656 0.116667
22 0.658203 0.523611 0.119531 0.116667
22 0.535937 0.518750 0.118750 0.115278
22 0.415234 0.517361 0.111719 0.118056
22 0.297266 0.518750 0.124219 0.120833
22 0.166406 0.519444 0.123438 0.119444
23 0.420703 0.670833 0.114844 0.150000
23 0.293359 0.669444 0.119531 0.155556
23 0.173047 0.677778 0.103906 0.158333
17 0.887500 0.671528 0.051562 0.156944
17 0.793359 0.670139 0.127344 0.151389
17 0.670313 0.672222 0.118750 0.155556
17 0.549609 0.675694 0.122656 0.148611
16 0.846875 0.883333 0.126563 0.188889
16 0.710938 0.886111 0.128125 0.200000
13 0.546484 0.892361 0.152344 0.159722
13 0.391016 0.904167 0.152344 0.150000
12 0.264062 0.895833 0.121875 0.125000
12 0.134766 0.899306 0.128906 0.115278
