2 0.489453 0.814583 0.105469 0.131944
2 0.600000 0.763889 0.092188 0.100000
2 0.185156 0.795833 0.150000 0.169444
37 0.381250 0.811111 0.112500 0.147222
37 0.305469 0.800694 0.084375 0.159722
19 0.128906 0.634722 0.096875 0.097222
19 0.216016 0.628472 0.083594 0.079167
19 0.292969 0.627083 0.068750 0.076389
19 0.367578 0.634722 0.091406 0.091667
19 0.457812 0.631250 0.065625 0.070833
22 0.889063 0.488194 0.073437 0.087500
22 0.767969 0.514583 0.082813 0.101389
22 0.660547 0.515972 0.074219 0.101389
22 0.577734 0.521528 0.091406 0.112500
44 0.471875 0.384722 0.068750 0.122222
44 0.377734 0.382639 0.066406 0.126389
44 0.300391 0.383333 0.078906 0.108333
36 0.744531 0.378472 0.056250 0.095833
36 0.674609 0.380556 0.072656 0.108333
36 0.594531 0.384028 0.071875 0.106944
11 0.506641 0.240972 0.067969 0.120833
11 0.433594 0.245139 0.078125 0.129167
33 0.237109 0.243056 0.069531 0.127778
35 0.157031 0.243056 0.087500 0.125000
33 0.077344 0.240972 0.070312 0.129167
10 0.127734 0.076389 0.077344 0.136111
10 0.221484 0.075694 0.086719 0.120833
10 0.312500 0.078472 0.073437 0.140278
10 0.405469 0.086806 0.084375 0.148611
9 0.490234 0.102778 0.078906 0.097222
9 0.615234 0.106250 0.075781 0.090278
9 0.694531 0.109028 0.076563 0.090278
9 0.830078 0.111111 0.082031 0.080556
30 0.816406 0.247222 0.076563 0.127778
30 0.884375 0.243750 0.067188 0.126389
37 0.528516 0.626389 0.074219 0.069444
