24 0.165234 0.788889 0.121094 0.138889
24 0.288672 0.768750 0.102344 0.115278
24 0.379687 0.792361 0.073437 0.151389
7 0.575781 0.812500 0.104687 0.191667
7 0.471094 0.809722 0.104687 0.186111
15 0.767187 0.825694 0.107813 0.215278
15 0.673828 0.800694 0.078906 0.165278
14 0.826563 0.377083 0.095312 0.151389
14 0.738672 0.376389 0.082031 0.130556
14 0.646875 0.382639 0.101562 0.143056
14 0.545313 0.384028 0.101562 0.140278
14 0.444141 0.383333 0.099219 0.144444
14 0.342578 0.381250 0.099219 0.140278
14 0.240234 0.383333 0.105469 0.144444
14 0.135547 0.384028 0.103906 0.143056
19 0.840234 0.147917 0.058594 0.148611
19 0.754297 0.139583 0.113281 0.131944
19 0.642969 0.138194 0.104687 0.134722
19 0.529688 0.141667 0.107813 0.127778
1 0.411719 0.139583 0.106250 0.137500
1 0.299219 0.141667 0.101562 0.127778
1 0.111328 0.140278 0.116406 0.138889
7 0.788281 0.569444 0.106250 0.200000
7 0.682422 0.572222 0.105469 0.205556
7 0.568750 0.562500 0.103125 0.186111
7 0.463281 0.567361 0.098438 0.198611
7 0.363672 0.568056 0.089844 0.202778
7 0.277734 0.578472 0.069531 0.195833
7 0.205469 0.578472 0.078125 0.204167
7 0.121094 0.588889 0.114063 0.233333
