15 0.101562 0.145833 0.154687 0.152778
15 0.258984 0.141667 0.133594 0.152778
15 0.408203 0.137500 0.149219 0.155556
15 0.094531 0.313889 0.157813 0.155556
15 0.417969 0.315278 0.146875 0.163889
15 0.739062 0.310417 0.165625 0.165278
15 0.887109 0.486806 0.169531 0.176389
15 0.719141 0.485417 0.166406 0.165278
15 0.563281 0.484722 0.145313 0.166667
15 0.410937 0.485417 0.159375 0.168056
15 0.248047 0.487500 0.149219 0.161111
15 0.250391 0.663889 0.153906 0.166667
15 0.435547 0.662500 0.142969 0.166667
15 0.757422 0.661806 0.139844 0.176389
15 0.754297 0.865278 0.182031 0.205556
15 0.546875 0.877778 0.154687 0.194444
15 0.359375 0.871528 0.167187 0.190278
