27 0.944922 0.118056 0.077344 0.108333
9 0.864453 0.121528 0.082031 0.081944
9 0.760547 0.125000 0.047656 0.072222
9 0.698828 0.126389 0.075781 0.075000
9 0.621094 0.125000 0.079687 0.077778
9 0.490234 0.120139 0.082031 0.095833
10 0.405859 0.107639 0.082031 0.126389
10 0.317969 0.108333 0.093750 0.127778
10 0.225781 0.104861 0.090625 0.134722
33 0.233984 0.256944 0.071094 0.127778
34 0.155469 0.256944 0.081250 0.127778
34 0.075781 0.254167 0.075000 0.130556
11 0.433594 0.255556 0.082813 0.119444
11 0.522266 0.252083 0.091406 0.134722
30 0.822266 0.255556 0.074219 0.111111
30 0.887500 0.263194 0.056250 0.120833
44 0.466797 0.395139 0.063281 0.120833
44 0.373828 0.397917 0.067969 0.126389
44 0.301172 0.399306 0.077344 0.126389
36 0.593359 0.393750 0.072656 0.115278
36 0.672656 0.398611 0.067188 0.105556
36 0.746094 0.396528 0.065625 0.101389
1 0.886719 0.397222 0.084375 0.100000
24 0.277734 0.534028 0.103906 0.101389
22 0.575000 0.534722 0.085938 0.100000
22 0.661328 0.527778 0.083594 0.111111
22 0.771484 0.530556 0.082031 0.100000
19 0.122656 0.654861 0.095312 0.093056
19 0.214062 0.648611 0.081250 0.088889
19 0.369531 0.654861 0.095312 0.090278
19 0.533203 0.650000 0.075781 0.083333
2 0.181641 0.824306 0.150781 0.179167
37 0.376172 0.834722 0.111719 0.150000
37 0.299609 0.822222 0.071094 0.155556
2 0.489453 0.832639 0.114844 0.154167
2 0.603906 0.794444 0.103125 0.119444
