20 0.139453 0.035417 0.139844 0.040278
20 0.887500 0.028472 0.117188 0.045833
20 0.748438 0.036111 0.137500 0.063889
20 0.531250 0.031250 0.134375 0.054167
20 0.385938 0.029167 0.125000 0.052778
19 0.876172 0.144444 0.122656 0.111111
19 0.749219 0.143750 0.126563 0.106944
19 0.620703 0.147222 0.130469 0.113889
19 0.497266 0.145139 0.116406 0.118056
19 0.375000 0.143750 0.128125 0.115278
19 0.256250 0.144444 0.109375 0.113889
19 0.153125 0.143056 0.096875 0.111111
7 0.861719 0.305556 0.139062 0.175000
7 0.719141 0.309722 0.127344 0.161111
7 0.596094 0.312500 0.118750 0.166667
7 0.438672 0.304861 0.135156 0.165278
7 0.310547 0.309722 0.121094 0.175000
7 0.159375 0.307639 0.115625 0.176389
7 0.111719 0.497222 0.095312 0.169444
7 0.246484 0.496528 0.114844 0.168056
7 0.391406 0.497222 0.117188 0.166667
7 0.516797 0.497917 0.133594 0.168056
7 0.681641 0.495139 0.117969 0.162500
7 0.864062 0.493056 0.115625 0.175000
7 0.865625 0.771528 0.150000 0.181944
7 0.394922 0.763194 0.133594 0.165278
7 0.258203 0.775694 0.135156 0.181944
15 0.542969 0.769444 0.140625 0.186111
