19 0.931641 0.295139 0.100781 0.081944
19 0.810156 0.292361 0.134375 0.081944
19 0.698828 0.293750 0.088281 0.084722
19 0.583594 0.295833 0.142188 0.080556
19 0.417969 0.298611 0.143750 0.080556
19 0.256641 0.292361 0.149219 0.087500
19 0.121484 0.293750 0.121094 0.084722
20 0.782031 0.379167 0.143750 0.036111
20 0.787891 0.417361 0.136719 0.043056
20 0.786328 0.463194 0.138281 0.034722
20 0.917578 0.459722 0.113281 0.050000
20 0.915625 0.414583 0.118750 0.043056
20 0.918359 0.372222 0.117969 0.036111
21 0.478516 0.418056 0.152344 0.116667
21 0.284375 0.413889 0.154687 0.119444
21 0.132422 0.413889 0.150781 0.125000
12 0.880469 0.541667 0.162500 0.094444
12 0.747266 0.543750 0.103906 0.098611
12 0.612891 0.549306 0.164844 0.087500
12 0.453125 0.550694 0.154687 0.090278
12 0.293750 0.546528 0.164062 0.098611
12 0.135156 0.547917 0.153125 0.101389
7 0.450000 0.676389 0.139062 0.147222
7 0.287500 0.672917 0.156250 0.148611
7 0.130078 0.676389 0.158594 0.155556
49 0.446875 0.850694 0.150000 0.143056
49 0.270703 0.838889 0.153906 0.130556
49 0.117969 0.845833 0.150000 0.141667
5 0.908984 0.654167 0.127344 0.113889
5 0.776563 0.663194 0.103125 0.118056
5 0.631641 0.673611 0.161719 0.136111
10 0.885547 0.845833 0.149219 0.144444
10 0.728906 0.843056 0.148438 0.144444
10 0.591406 0.843750 0.125000 0.151389
32 0.632812 0.421528 0.156250 0.129167
