37 0.362109 0.180556 0.133594 0.113889
37 0.221875 0.176389 0.146875 0.105556
37 0.096484 0.175000 0.103906 0.108333
3 0.501953 0.184722 0.139844 0.119444
3 0.636328 0.183333 0.124219 0.113889
1 0.767969 0.181944 0.126563 0.108333
1 0.908984 0.182639 0.133594 0.104167
15 0.329688 0.314583 0.114063 0.140278
15 0.212500 0.312500 0.114063 0.141667
15 0.110937 0.309722 0.089062 0.136111
15 0.461719 0.313194 0.120312 0.134722
15 0.845312 0.312500 0.118750 0.138889
15 0.909766 0.498611 0.132031 0.152778
15 0.770312 0.495139 0.134375 0.159722
15 0.621875 0.497222 0.140625 0.155556
15 0.473828 0.499306 0.135156 0.165278
6 0.329688 0.494444 0.128125 0.161111
6 0.189844 0.493750 0.137500 0.165278
9 0.884375 0.656944 0.110937 0.113889
51 0.779688 0.672917 0.129688 0.112500
45 0.651953 0.676389 0.130469 0.119444
51 0.530469 0.662500 0.112500 0.125000
48 0.309766 0.643056 0.117969 0.116667
48 0.204297 0.645833 0.089844 0.097222
48 0.117188 0.651389 0.082813 0.102778
50 0.895703 0.820139 0.142969 0.076389
50 0.899219 0.881250 0.142188 0.054167
10 0.763672 0.820833 0.125781 0.147222
10 0.606250 0.822917 0.129688 0.170833
46 0.411719 0.827083 0.093750 0.165278
46 0.297266 0.839583 0.135156 0.190278
