17 0.417969 0.156250 0.171875 0.173611
17 0.577344 0.154861 0.146875 0.176389
17 0.742188 0.154861 0.168750 0.159722
17 0.870313 0.168056 0.092188 0.163889
17 0.943750 0.186111 0.057813 0.130556
13 0.090625 0.380556 0.176563 0.130556
13 0.271484 0.378472 0.177344 0.123611
13 0.455078 0.381250 0.177344 0.129167
24 0.639063 0.390278 0.181250 0.111111
24 0.822656 0.388889 0.178125 0.119444
22 0.080859 0.520833 0.152344 0.127778
22 0.212500 0.532639 0.107813 0.137500
22 0.371484 0.532639 0.132031 0.126389
22 0.536328 0.536806 0.150781 0.112500
22 0.833594 0.535417 0.148438 0.095833
22 0.683984 0.526389 0.150781 0.116667
22 0.946484 0.533333 0.071094 0.102778
24 0.120312 0.661806 0.185937 0.131944
24 0.285937 0.664583 0.128125 0.126389
24 0.437891 0.665278 0.174219 0.113889
17 0.144531 0.872917 0.179688 0.168056
17 0.489844 0.881944 0.150000 0.166667
17 0.634375 0.884028 0.139062 0.190278
17 0.785937 0.877778 0.168750 0.169444
17 0.947266 0.885417 0.105469 0.162500
16 0.317969 0.859722 0.165625 0.216667
