23 0.087500 0.722222 0.118750 0.147222
23 0.207031 0.724306 0.110937 0.170833
23 0.397266 0.753472 0.125781 0.162500
23 0.526172 0.759028 0.108594 0.173611
37 0.737500 0.808333 0.170312 0.213889
37 0.883203 0.621528 0.116406 0.145833
37 0.766016 0.612500 0.114844 0.147222
37 0.648047 0.611806 0.108594 0.129167
37 0.547656 0.580556 0.081250 0.083333
36 0.264062 0.592361 0.104687 0.095833
36 0.108203 0.576389 0.096094 0.097222
36 0.033984 0.584028 0.067969 0.118056
48 0.609375 0.478472 0.114063 0.104167
48 0.492578 0.478472 0.119531 0.104167
48 0.373828 0.478472 0.117969 0.104167
48 0.257031 0.478472 0.115625 0.104167
48 0.141797 0.477778 0.114844 0.105556
48 0.045313 0.475694 0.090625 0.101389
10 0.950000 0.325000 0.095312 0.155556
10 0.903125 0.325000 0.057813 0.150000
10 0.801953 0.325000 0.130469 0.150000
10 0.676562 0.330556 0.123438 0.163889
10 0.544531 0.327778 0.137500 0.161111
10 0.423047 0.333333 0.107031 0.161111
10 0.293359 0.326389 0.114844 0.158333
10 0.158203 0.336111 0.122656 0.152778
34 0.075781 0.168750 0.106250 0.129167
31 0.953516 0.172222 0.091406 0.141667
31 0.853906 0.175000 0.104687 0.133333
31 0.723047 0.175694 0.113281 0.129167
31 0.613281 0.177083 0.101562 0.131944
31 0.507422 0.177778 0.097656 0.133333
31 0.404297 0.179167 0.105469 0.130556
31 0.296484 0.170833 0.110156 0.113889
31 0.187891 0.172917 0.110156 0.126389
