27 0.945703 0.105556 0.078906 0.088889
9 0.863281 0.109722 0.082813 0.086111
9 0.806250 0.109722 0.031250 0.086111
9 0.761719 0.113194 0.057813 0.079167
9 0.695312 0.109028 0.075000 0.070833
9 0.618359 0.106250 0.078906 0.076389
9 0.555078 0.111111 0.047656 0.086111
9 0.491016 0.106944 0.080469 0.094444
10 0.401172 0.081250 0.080469 0.131944
10 0.314844 0.081250 0.092188 0.131944
10 0.218750 0.074306 0.090625 0.137500
10 0.118750 0.079167 0.109375 0.147222
34 0.066406 0.235417 0.073437 0.134722
33 0.228906 0.239583 0.075000 0.129167
35 0.148047 0.236806 0.083594 0.140278
52 0.305859 0.238889 0.075781 0.130556
11 0.427734 0.238889 0.085156 0.119444
7 0.661328 0.238194 0.069531 0.129167
7 0.733984 0.232639 0.069531 0.126389
30 0.890234 0.241667 0.049219 0.119444
30 0.827344 0.243056 0.076563 0.122222
44 0.469141 0.381250 0.072656 0.109722
44 0.373437 0.381250 0.075000 0.118056
44 0.296484 0.381250 0.078906 0.118056
36 0.746484 0.378472 0.071094 0.109722
36 0.672656 0.379167 0.076563 0.111111
36 0.591016 0.377778 0.069531 0.116667
1 0.956250 0.374306 0.048437 0.093056
1 0.889063 0.375694 0.076563 0.101389
24 0.401563 0.500694 0.082813 0.095833
24 0.268359 0.505556 0.099219 0.113889
22 0.574219 0.506944 0.082813 0.105556
22 0.657812 0.509722 0.087500 0.105556
22 0.771484 0.506250 0.086719 0.106944
22 0.837500 0.500000 0.048437 0.083333
37 0.117969 0.631250 0.085938 0.081944
37 0.206250 0.628472 0.082813 0.081944
37 0.361719 0.638889 0.090625 0.097222
2 0.175391 0.792361 0.150781 0.173611
2 0.488281 0.813194 0.112500 0.129167
2 0.602734 0.754861 0.091406 0.112500
37 0.374609 0.812500 0.113281 0.138889
37 0.298438 0.795833 0.087500 0.163889
