49 0.357812 0.227083 0.060938 0.140278
49 0.429297 0.234722 0.069531 0.163889
49 0.491797 0.227778 0.049219 0.161111
49 0.552734 0.220833 0.072656 0.152778
49 0.364453 0.814583 0.047656 0.165278
49 0.424219 0.806250 0.067188 0.181944
49 0.492578 0.810417 0.066406 0.168056
49 0.556250 0.808333 0.053125 0.175000
49 0.619141 0.810417 0.058594 0.170833
49 0.690625 0.827778 0.065625 0.180556
49 0.739453 0.818750 0.046094 0.193056
47 0.624219 0.228472 0.062500 0.140278
47 0.688672 0.218056 0.066406 0.169444
47 0.765234 0.230556 0.063281 0.150000
52 0.357812 0.390972 0.051562 0.165278
52 0.409766 0.395139 0.049219 0.156944
10 0.469141 0.390278 0.063281 0.169444
10 0.529297 0.395833 0.052344 0.158333
10 0.582031 0.390972 0.057813 0.162500
10 0.640625 0.395139 0.056250 0.148611
10 0.702734 0.388889 0.061719 0.158333
10 0.766016 0.393750 0.061719 0.159722
9 0.353906 0.591667 0.046875 0.130556
9 0.412500 0.600000 0.060938 0.138889
9 0.478125 0.588194 0.056250 0.148611
9 0.527734 0.584722 0.042969 0.163889
29 0.773828 0.598611 0.053906 0.152778
45 0.585156 0.607639 0.067188 0.140278
45 0.650391 0.599306 0.069531 0.148611
45 0.715625 0.609722 0.057813 0.150000
51 0.358984 0.086111 0.061719 0.116667
51 0.422656 0.084722 0.065625 0.122222
51 0.485547 0.081250 0.057031 0.131944
20 0.550000 0.117361 0.071875 0.065278
20 0.622656 0.107639 0.065625 0.065278
27 0.710938 0.086806 0.084375 0.106944
27 0.789062 0.084722 0.068750 0.116667
