36 0.926172 0.891667 0.136719 0.211111
36 0.786719 0.893056 0.131250 0.186111
36 0.659766 0.895139 0.121094 0.190278
36 0.527734 0.893056 0.127344 0.183333
36 0.400391 0.893750 0.133594 0.190278
36 0.266797 0.889583 0.133594 0.184722
48 0.873438 0.613194 0.123438 0.129167
48 0.745313 0.615278 0.132812 0.133333
48 0.607422 0.595833 0.107031 0.113889
48 0.498828 0.602083 0.110156 0.126389
48 0.389062 0.607639 0.109375 0.115278
41 0.514844 0.744444 0.845312 0.088889
15 0.266406 0.590278 0.129688 0.183333
15 0.145313 0.590972 0.112500 0.184722
15 0.044141 0.588194 0.075781 0.190278
7 0.148828 0.368056 0.105469 0.172222
18 0.905469 0.106944 0.123438 0.133333
18 0.778125 0.106250 0.131250 0.129167
18 0.646094 0.106944 0.128125 0.133333
18 0.520703 0.115972 0.125781 0.123611
18 0.392188 0.116667 0.121875 0.111111
18 0.262891 0.113194 0.122656 0.123611
18 0.136719 0.118056 0.126563 0.130556
18 0.038281 0.114583 0.067188 0.131944
41 0.398828 0.031944 0.750781 0.044444
19 0.891406 0.260417 0.129688 0.151389
19 0.891016 0.391667 0.128906 0.116667
19 0.760156 0.275000 0.129688 0.116667
19 0.766406 0.390278 0.125000 0.116667
19 0.629297 0.271528 0.130469 0.123611
19 0.502344 0.263889 0.120312 0.127778
19 0.379297 0.268056 0.128906 0.127778
19 0.246875 0.269444 0.134375 0.125000
19 0.638672 0.393056 0.130469 0.127778
19 0.514063 0.391667 0.118750 0.125000
19 0.389844 0.395139 0.129688 0.118056
19 0.264453 0.398611 0.125781 0.122222
