46 0.843750 0.091667 0.103125 0.169444
46 0.717969 0.081250 0.106250 0.159722
46 0.594141 0.084722 0.103906 0.152778
48 0.894531 0.432639 0.106250 0.134722
48 0.773828 0.434722 0.147656 0.138889
48 0.494922 0.428472 0.139844 0.131944
48 0.605078 0.427778 0.083594 0.133333
48 0.279687 0.429861 0.132812 0.145833
48 0.173828 0.415972 0.080469 0.143056
10 0.812109 0.775694 0.133594 0.223611
10 0.924219 0.790972 0.087500 0.190278
10 0.627734 0.750694 0.139844 0.151389
10 0.373828 0.762500 0.124219 0.169444
10 0.236328 0.767361 0.099219 0.154167
10 0.126563 0.777083 0.134375 0.195833
