23 0.501953 0.883333 0.092969 0.194444
17 0.943750 0.140972 0.075000 0.154167
17 0.856641 0.124306 0.092969 0.170833
17 0.762891 0.123611 0.091406 0.175000
17 0.671875 0.122917 0.084375 0.162500
17 0.572656 0.116667 0.100000 0.180556
17 0.476953 0.115972 0.089844 0.187500
17 0.379687 0.115972 0.101562 0.181944
22 0.899219 0.311111 0.089062 0.094444
22 0.089453 0.616667 0.089844 0.119444
22 0.169141 0.622222 0.064844 0.113889
37 0.116797 0.786111 0.233594 0.138889
37 0.112500 0.920139 0.225000 0.104167
3 0.773047 0.320139 0.089844 0.087500
3 0.645312 0.318750 0.071875 0.087500
3 0.573438 0.313889 0.070312 0.094444
3 0.505469 0.318056 0.065625 0.097222
3 0.398828 0.304167 0.094531 0.125000
5 0.579297 0.474306 0.092969 0.168056
5 0.484375 0.477778 0.093750 0.166667
5 0.397656 0.479861 0.079687 0.170833
6 0.954297 0.470833 0.071094 0.163889
6 0.867969 0.475000 0.096875 0.172222
6 0.771094 0.476389 0.090625 0.166667
16 0.899609 0.656944 0.075781 0.133333
16 0.601953 0.661111 0.086719 0.158333
16 0.421484 0.657639 0.089844 0.151389
7 0.831641 0.860417 0.082031 0.156944
