39 0.108594 0.201389 0.109375 0.133333
39 0.223047 0.200000 0.121094 0.133333
39 0.342969 0.199306 0.118750 0.134722
39 0.465625 0.199306 0.125000 0.123611
39 0.583984 0.203472 0.108594 0.126389
37 0.702734 0.202083 0.122656 0.129167
48 0.127734 0.468056 0.146094 0.100000
48 0.258984 0.463889 0.127344 0.088889
48 0.382422 0.456250 0.116406 0.093056
48 0.514063 0.458333 0.145313 0.088889
48 0.658203 0.453472 0.130469 0.087500
48 0.789844 0.451389 0.132812 0.091667
48 0.919141 0.458333 0.124219 0.102778
49 0.156641 0.346528 0.150781 0.137500
49 0.303125 0.343750 0.128125 0.129167
49 0.436328 0.344444 0.136719 0.130556
49 0.797266 0.335417 0.125781 0.131944
49 0.919141 0.341667 0.116406 0.130556
18 0.126172 0.562500 0.144531 0.108333
18 0.267578 0.559722 0.138281 0.108333
18 0.374609 0.546528 0.078906 0.104167
18 0.461328 0.550694 0.097656 0.093056
18 0.572266 0.550000 0.125781 0.094444
18 0.692969 0.550000 0.118750 0.100000
18 0.791016 0.547222 0.072656 0.105556
12 0.898438 0.565972 0.142188 0.104167
19 0.118359 0.754861 0.135156 0.104167
19 0.198047 0.659028 0.128906 0.081944
19 0.239844 0.752083 0.112500 0.106944
19 0.356250 0.755556 0.129688 0.111111
19 0.440234 0.637500 0.119531 0.080556
19 0.561719 0.632639 0.115625 0.081944
37 0.496094 0.773611 0.139062 0.061111
37 0.553516 0.715278 0.117969 0.063889
37 0.673437 0.711806 0.112500 0.068056
37 0.671875 0.768056 0.121875 0.075000
36 0.792969 0.740278 0.117188 0.133333
36 0.906250 0.746528 0.125000 0.134722
