16 0.094141 0.154167 0.119531 0.147222
17 0.228906 0.154167 0.137500 0.150000
17 0.372266 0.160417 0.128906 0.148611
17 0.506641 0.157639 0.133594 0.131944
17 0.640625 0.156944 0.125000 0.144444
17 0.769141 0.154167 0.132031 0.147222
17 0.902734 0.154167 0.124219 0.150000
24 0.144141 0.336111 0.141406 0.133333
24 0.293359 0.334028 0.155469 0.123611
24 0.448438 0.338889 0.142188 0.130556
24 0.599609 0.332639 0.132031 0.129167
24 0.736719 0.332639 0.139062 0.131944
24 0.891797 0.335417 0.146094 0.131944
12 0.097266 0.506944 0.111719 0.111111
12 0.220313 0.509722 0.121875 0.116667
12 0.351953 0.508333 0.132031 0.091667
12 0.484375 0.511111 0.115625 0.113889
13 0.623828 0.494444 0.132031 0.125000
13 0.750781 0.490972 0.112500 0.131944
13 0.885938 0.492361 0.150000 0.134722
22 0.146484 0.670139 0.121094 0.134722
22 0.272656 0.664583 0.115625 0.120833
22 0.398047 0.665972 0.119531 0.118056
22 0.515234 0.662500 0.102344 0.130556
22 0.644922 0.664583 0.113281 0.120833
22 0.763281 0.661806 0.117188 0.118056
22 0.889844 0.662500 0.125000 0.116667
22 0.137109 0.804861 0.092969 0.123611
22 0.248828 0.811806 0.127344 0.115278
22 0.422656 0.806944 0.129688 0.125000
22 0.554688 0.804861 0.121875 0.137500
22 0.686328 0.804861 0.135156 0.120833
22 0.817187 0.811806 0.115625 0.143056
22 0.939453 0.830556 0.114844 0.147222
