17 0.881250 0.139583 0.106250 0.126389
17 0.753906 0.136111 0.107813 0.133333
17 0.635547 0.130556 0.128906 0.144444
17 0.510547 0.134722 0.121094 0.152778
17 0.378125 0.129861 0.125000 0.145833
17 0.251953 0.132639 0.127344 0.151389
17 0.127734 0.134028 0.121094 0.148611
22 0.814844 0.295833 0.132812 0.111111
3 0.620313 0.294444 0.101562 0.097222
3 0.536328 0.290278 0.064844 0.088889
3 0.453125 0.297917 0.096875 0.093056
3 0.357812 0.299306 0.093750 0.098611
3 0.259766 0.294444 0.100781 0.097222
3 0.129297 0.292361 0.119531 0.106944
5 0.117578 0.443750 0.096094 0.156944
5 0.233984 0.442361 0.125781 0.154167
5 0.375391 0.440972 0.124219 0.151389
6 0.643750 0.440278 0.117188 0.169444
6 0.791016 0.442361 0.119531 0.156944
6 0.911328 0.440278 0.094531 0.152778
16 0.129297 0.615278 0.117969 0.141667
16 0.257031 0.611111 0.125000 0.130556
16 0.393359 0.617361 0.117969 0.140278
16 0.496094 0.608333 0.070312 0.127778
16 0.711328 0.610417 0.086719 0.118056
16 0.833984 0.606944 0.133594 0.130556
16 0.357422 0.822222 0.063281 0.175000
23 0.250391 0.835417 0.144531 0.201389
7 0.742969 0.822917 0.129688 0.168056
7 0.908203 0.815972 0.128906 0.151389
7 0.603516 0.818750 0.135156 0.162500
