17 0.776172 0.776389 0.074219 0.230556
48 0.065625 0.072917 0.076563 0.131944
48 0.144141 0.070139 0.074219 0.129167
48 0.218750 0.070833 0.076563 0.133333
48 0.299609 0.067361 0.078906 0.131944
48 0.380078 0.072222 0.080469 0.136111
48 0.462109 0.075000 0.085156 0.125000
9 0.559766 0.068056 0.089844 0.125000
9 0.642187 0.075694 0.079687 0.134722
9 0.716797 0.075694 0.069531 0.123611
33 0.432031 0.248611 0.070312 0.169444
33 0.360938 0.249306 0.068750 0.154167
35 0.220703 0.250694 0.077344 0.165278
35 0.291016 0.250694 0.067969 0.170833
52 0.073047 0.246528 0.072656 0.162500
52 0.146094 0.248611 0.071875 0.169444
30 0.644141 0.250694 0.075781 0.168056
30 0.716016 0.249306 0.072656 0.168056
49 0.492578 0.803472 0.110156 0.218056
49 0.396875 0.797222 0.085938 0.227778
49 0.303125 0.797222 0.101562 0.227778
49 0.205859 0.793750 0.091406 0.229167
49 0.105469 0.792361 0.109375 0.265278
41 0.428125 0.630556 0.520312 0.088889
36 0.435937 0.450694 0.071875 0.156944
36 0.365625 0.449306 0.071875 0.154167
36 0.291016 0.445139 0.077344 0.156944
29 0.082813 0.446528 0.073437 0.145833
29 0.154687 0.444444 0.070312 0.141667
29 0.217969 0.446528 0.057813 0.154167
37 0.721094 0.450000 0.079687 0.163889
37 0.803125 0.447222 0.075000 0.155556
