1 0.412109 0.140278 0.117969 0.125000
1 0.278906 0.143056 0.126563 0.130556
1 0.171094 0.145139 0.089062 0.126389
1 0.063281 0.144444 0.126563 0.125000
19 0.916016 0.146528 0.067969 0.123611
19 0.814453 0.143750 0.135156 0.118056
19 0.684766 0.140972 0.124219 0.123611
19 0.551953 0.143056 0.132031 0.122222
22 0.891016 0.363889 0.103906 0.133333
22 0.789453 0.359028 0.099219 0.123611
22 0.681641 0.359722 0.116406 0.122222
22 0.562500 0.359028 0.121875 0.120833
22 0.440625 0.357639 0.117188 0.120833
22 0.323828 0.358333 0.116406 0.122222
22 0.203906 0.359722 0.112500 0.125000
22 0.083594 0.361111 0.118750 0.125000
7 0.841406 0.522917 0.107813 0.181944
7 0.713281 0.522222 0.125000 0.177778
7 0.583594 0.525000 0.112500 0.180556
7 0.459375 0.523611 0.110937 0.175000
7 0.345313 0.522917 0.112500 0.176389
7 0.241797 0.522917 0.086719 0.168056
7 0.157813 0.527083 0.095312 0.187500
7 0.071094 0.529167 0.139062 0.191667
7 0.584766 0.726389 0.121094 0.177778
7 0.464063 0.725000 0.118750 0.161111
15 0.799609 0.733333 0.125781 0.175000
15 0.696875 0.726389 0.085938 0.152778
24 0.360938 0.715278 0.084375 0.136111
24 0.250781 0.695139 0.110937 0.109722
24 0.110547 0.711111 0.136719 0.133333
