23 0.877734 0.310417 0.066406 0.181944
23 0.926172 0.296528 0.105469 0.206944
10 0.689844 0.313194 0.104687 0.190278
10 0.583203 0.314583 0.108594 0.193056
17 0.482031 0.315972 0.100000 0.165278
17 0.384766 0.315278 0.094531 0.163889
17 0.254297 0.309722 0.111719 0.197222
17 0.145703 0.301389 0.105469 0.180556
22 0.049219 0.309722 0.087500 0.169444
22 0.431641 0.550694 0.099219 0.134722
22 0.530469 0.547222 0.089062 0.136111
22 0.629687 0.550000 0.093750 0.130556
22 0.724609 0.561806 0.077344 0.115278
22 0.745703 0.796528 0.060156 0.123611
22 0.828906 0.805556 0.090625 0.130556
22 0.916016 0.798611 0.080469 0.138889
12 0.820312 0.554167 0.096875 0.130556
12 0.923828 0.556250 0.100781 0.126389
19 0.029297 0.543056 0.042969 0.125000
19 0.104687 0.550000 0.092188 0.144444
19 0.210938 0.550694 0.112500 0.134722
20 0.325781 0.520833 0.095312 0.066667
20 0.323438 0.587500 0.106250 0.072222
36 0.035156 0.785417 0.060938 0.206944
36 0.115625 0.790278 0.095312 0.188889
37 0.646484 0.795139 0.091406 0.179167
37 0.565234 0.783333 0.074219 0.194444
37 0.498437 0.786806 0.045313 0.190278
37 0.456250 0.793750 0.081250 0.184722
37 0.383594 0.794444 0.073437 0.183333
37 0.275781 0.791667 0.093750 0.197222
37 0.192969 0.790972 0.065625 0.201389
41 0.221094 0.661806 0.314063 0.062500
