33 0.726562 0.349306 0.109375 0.131944
33 0.837500 0.345833 0.112500 0.138889
33 0.945312 0.342361 0.101562 0.145833
35 0.614062 0.349306 0.117188 0.131944
27 0.506641 0.370139 0.105469 0.095833
30 0.562891 0.500000 0.108594 0.133333
30 0.451172 0.497222 0.108594 0.127778
30 0.337500 0.497917 0.114063 0.120833
30 0.221094 0.498611 0.112500 0.116667
49 0.933594 0.813194 0.115625 0.159722
49 0.798437 0.812500 0.128125 0.163889
49 0.668359 0.808333 0.128906 0.166667
11 0.070703 0.200694 0.124219 0.115278
11 0.285547 0.211806 0.117969 0.123611
11 0.186328 0.205556 0.089844 0.108333
11 0.382031 0.210417 0.093750 0.101389
38 0.278125 0.346528 0.112500 0.143056
38 0.042969 0.345833 0.081250 0.141667
38 0.161328 0.356250 0.085156 0.106944
28 0.542578 0.802778 0.117969 0.163889
28 0.437500 0.796528 0.095312 0.156944
28 0.321484 0.792361 0.119531 0.145833
28 0.176953 0.802083 0.130469 0.151389
28 0.055469 0.793750 0.090625 0.151389
8 0.185547 0.650000 0.092969 0.144444
8 0.296094 0.643056 0.125000 0.133333
8 0.084766 0.645139 0.100781 0.143056
