10 0.688281 0.155556 0.090625 0.247222
10 0.594141 0.158333 0.091406 0.247222
22 0.915234 0.859722 0.085156 0.197222
22 0.827734 0.861806 0.094531 0.193056
22 0.746484 0.858333 0.071094 0.205556
22 0.723437 0.514583 0.082813 0.145833
22 0.638281 0.507639 0.095312 0.173611
22 0.546875 0.504861 0.087500 0.168056
22 0.454297 0.500000 0.097656 0.180556
19 0.249609 0.497917 0.094531 0.179167
19 0.149609 0.504167 0.096094 0.175000
19 0.083203 0.500000 0.036719 0.183333
20 0.351562 0.540972 0.093750 0.079167
20 0.357812 0.462500 0.090625 0.069444
22 0.107031 0.175000 0.073437 0.227778
17 0.496094 0.166667 0.081250 0.216667
17 0.410547 0.166667 0.089844 0.219444
17 0.289453 0.156250 0.086719 0.251389
17 0.189063 0.156944 0.085938 0.247222
12 0.815234 0.500694 0.096094 0.179167
12 0.910547 0.495139 0.086719 0.168056
23 0.900000 0.147222 0.082813 0.263889
37 0.664453 0.852083 0.089844 0.270833
37 0.518750 0.837500 0.050000 0.258333
37 0.482031 0.840972 0.071875 0.279167
37 0.583984 0.838194 0.066406 0.281944
37 0.406641 0.843750 0.060156 0.268056
37 0.312109 0.848611 0.089844 0.286111
37 0.233594 0.850694 0.067188 0.276389
36 0.152734 0.851389 0.092969 0.275000
36 0.080469 0.822222 0.059375 0.308333
41 0.395312 0.661111 0.528125 0.052778
