23 0.948047 0.113194 0.053906 0.123611
23 0.878906 0.106944 0.082813 0.119444
49 0.793750 0.113194 0.085938 0.120833
49 0.703125 0.093750 0.084375 0.151389
49 0.613672 0.093056 0.078906 0.147222
16 0.480469 0.097917 0.101562 0.143056
16 0.379687 0.096528 0.100000 0.140278
16 0.279687 0.095139 0.100000 0.143056
4 0.175781 0.099306 0.103125 0.134722
4 0.075000 0.101389 0.098438 0.138889
3 0.072266 0.275694 0.071094 0.093056
1 0.167187 0.279167 0.115625 0.097222
9 0.275391 0.281250 0.088281 0.101389
45 0.372266 0.284028 0.097656 0.106944
48 0.471484 0.281944 0.092969 0.102778
48 0.568750 0.279861 0.101562 0.098611
48 0.694922 0.283333 0.097656 0.100000
48 0.632031 0.283333 0.028125 0.100000
51 0.776563 0.284722 0.060938 0.097222
51 0.859766 0.281944 0.102344 0.102778
50 0.952734 0.304861 0.042969 0.054167
50 0.951172 0.250000 0.046094 0.055556
25 0.253125 0.445139 0.089062 0.115278
25 0.160938 0.447917 0.090625 0.129167
25 0.078906 0.448611 0.073437 0.127778
25 0.342187 0.449306 0.092188 0.129167
25 0.437891 0.450000 0.089844 0.127778
11 0.531641 0.451389 0.100781 0.127778
30 0.625781 0.444444 0.084375 0.119444
52 0.719922 0.445833 0.085156 0.136111
33 0.812500 0.440972 0.098438 0.143056
34 0.903906 0.442361 0.081250 0.131944
35 0.963281 0.438889 0.035937 0.138889
37 0.959375 0.630556 0.053125 0.097222
38 0.879687 0.625000 0.090625 0.094444
29 0.761328 0.634028 0.082031 0.093056
29 0.696094 0.635417 0.048437 0.095833
37 0.630859 0.636806 0.077344 0.093056
37 0.550000 0.638194 0.087500 0.098611
37 0.463281 0.636111 0.087500 0.102778
37 0.269531 0.637500 0.087500 0.069444
37 0.180859 0.634722 0.080469 0.100000
37 0.100781 0.636111 0.079687 0.102778
4 0.188281 0.768750 0.100000 0.137500
4 0.289453 0.765278 0.097656 0.136111
21 0.095703 0.775000 0.077344 0.152778
23 0.962109 0.764583 0.055469 0.140278
16 0.889063 0.769444 0.098438 0.147222
16 0.790234 0.767361 0.099219 0.143056
16 0.688281 0.766667 0.104687 0.144444
32 0.591016 0.766667 0.099219 0.138889
17 0.488281 0.761111 0.093750 0.133333
17 0.389062 0.763889 0.104687 0.138889
27 0.417969 0.952083 0.120312 0.095833
41 0.750391 0.945139 0.494531 0.093056
41 0.184766 0.939583 0.252344 0.084722
