19 0.141797 0.214583 0.130469 0.115278
19 0.285547 0.209722 0.158594 0.130556
19 0.444922 0.203472 0.155469 0.137500
19 0.602734 0.218056 0.149219 0.147222
19 0.788672 0.209722 0.222656 0.127778
21 0.158203 0.370833 0.155469 0.144444
21 0.308984 0.370833 0.141406 0.158333
21 0.492188 0.359722 0.148438 0.155556
20 0.806250 0.321528 0.131250 0.056944
20 0.815625 0.369444 0.118750 0.052778
20 0.817969 0.422917 0.123438 0.070833
20 0.936719 0.320833 0.110937 0.061111
20 0.934766 0.373611 0.105469 0.050000
20 0.934375 0.419444 0.109375 0.063889
32 0.658203 0.365972 0.146094 0.170833
7 0.147266 0.684028 0.158594 0.193056
7 0.308594 0.679167 0.164062 0.177778
7 0.466406 0.681250 0.151562 0.181944
5 0.648828 0.678472 0.164844 0.173611
48 0.134375 0.883333 0.151562 0.180556
48 0.297656 0.888194 0.164062 0.193056
48 0.472266 0.877778 0.149219 0.186111
10 0.749609 0.884028 0.144531 0.190278
10 0.908984 0.884722 0.150781 0.175000
10 0.617578 0.875000 0.119531 0.172222
12 0.153125 0.519444 0.156250 0.100000
12 0.315625 0.520139 0.160938 0.118056
12 0.473437 0.503472 0.159375 0.106944
12 0.631641 0.518056 0.150781 0.122222
12 0.769141 0.516667 0.099219 0.125000
12 0.894141 0.519444 0.142969 0.127778
