15 0.419141 0.105556 0.163281 0.177778
15 0.267969 0.102778 0.139062 0.172222
15 0.116016 0.097917 0.164844 0.181944
15 0.105859 0.279861 0.158594 0.159722
15 0.420312 0.284028 0.143750 0.173611
15 0.746094 0.278472 0.160938 0.168056
15 0.714844 0.443750 0.168750 0.190278
15 0.555859 0.457639 0.138281 0.162500
15 0.254297 0.456250 0.149219 0.170833
15 0.096094 0.461111 0.160938 0.166667
15 0.414062 0.461111 0.139062 0.172222
15 0.439063 0.629861 0.146875 0.162500
15 0.255078 0.631944 0.152344 0.163889
15 0.099219 0.633333 0.159375 0.166667
15 0.359766 0.860417 0.155469 0.204167
15 0.547266 0.856250 0.146094 0.198611
15 0.756641 0.847917 0.169531 0.209722
