23 0.928516 0.188194 0.083594 0.140278
23 0.892578 0.184722 0.066406 0.144444
22 0.039062 0.195139 0.078125 0.131944
22 0.724219 0.381250 0.093750 0.090278
22 0.628516 0.384722 0.097656 0.097222
22 0.530078 0.381944 0.099219 0.102778
22 0.426562 0.379861 0.107813 0.098611
22 0.744531 0.574306 0.070312 0.093056
22 0.829687 0.572917 0.100000 0.090278
22 0.920703 0.572222 0.082031 0.091667
12 0.929688 0.380556 0.095312 0.100000
12 0.828125 0.383333 0.104687 0.094444
19 0.022266 0.380556 0.036719 0.105556
19 0.090234 0.380556 0.096094 0.105556
19 0.194141 0.379861 0.105469 0.101389
20 0.311328 0.409028 0.107031 0.051389
20 0.315625 0.352083 0.109375 0.054167
17 0.127734 0.191667 0.094531 0.144444
17 0.237109 0.188889 0.086719 0.141667
17 0.376953 0.215972 0.103906 0.095833
17 0.488672 0.195139 0.078906 0.115278
10 0.692578 0.189583 0.108594 0.151389
10 0.585938 0.188194 0.104687 0.148611
39 0.020312 0.756944 0.031250 0.097222
39 0.086328 0.761111 0.089844 0.088889
39 0.179688 0.757639 0.095312 0.081944
39 0.273438 0.757639 0.084375 0.098611
37 0.651172 0.553472 0.085156 0.126389
37 0.566797 0.554861 0.082031 0.137500
41 0.498828 0.556250 0.042969 0.143056
41 0.445703 0.552778 0.063281 0.136111
37 0.282813 0.548611 0.110937 0.136111
37 0.376563 0.546528 0.071875 0.134722
37 0.192578 0.557639 0.066406 0.129167
36 0.109375 0.561111 0.093750 0.130556
36 0.033984 0.555556 0.061719 0.144444
26 0.825391 0.756250 0.100781 0.093056
26 0.721094 0.752778 0.107813 0.086111
26 0.574609 0.757639 0.091406 0.084722
26 0.481641 0.762500 0.094531 0.094444
37 0.380078 0.756944 0.105469 0.102778
10 0.953906 0.884722 0.067188 0.172222
10 0.868359 0.885417 0.103906 0.173611
10 0.733203 0.884028 0.113281 0.159722
46 0.625391 0.891667 0.102344 0.158333
46 0.542969 0.881250 0.076563 0.143056
46 0.451562 0.884028 0.100000 0.129167
49 0.345313 0.879861 0.089062 0.106944
49 0.154297 0.890278 0.110156 0.141667
