15 0.035547 0.129167 0.063281 0.141667
15 0.121484 0.129167 0.096094 0.125000
15 0.104687 0.300694 0.109375 0.159722
15 0.226172 0.297222 0.135156 0.177778
15 0.360547 0.302083 0.138281 0.159722
15 0.498828 0.301389 0.138281 0.158333
15 0.636328 0.298611 0.133594 0.158333
15 0.768750 0.300000 0.129688 0.172222
15 0.913672 0.300000 0.147656 0.161111
15 0.496094 0.107639 0.143750 0.148611
15 0.637891 0.111806 0.139844 0.159722
15 0.778125 0.117361 0.140625 0.156944
15 0.924219 0.120833 0.123438 0.163889
15 0.232812 0.475694 0.126563 0.168056
15 0.369141 0.477778 0.128906 0.163889
15 0.503125 0.480556 0.139062 0.158333
15 0.635938 0.479861 0.134375 0.162500
15 0.780469 0.480556 0.131250 0.163889
15 0.912500 0.479861 0.143750 0.173611
7 0.085156 0.474306 0.135937 0.176389
3 0.072656 0.860417 0.129688 0.140278
3 0.211719 0.859722 0.142188 0.141667
4 0.037109 0.663194 0.058594 0.170833
1 0.357422 0.867361 0.139844 0.148611
1 0.501562 0.866667 0.143750 0.161111
36 0.132422 0.665278 0.119531 0.161111
36 0.261719 0.659028 0.131250 0.173611
36 0.385547 0.656944 0.110156 0.175000
36 0.513281 0.667361 0.148438 0.190278
36 0.669141 0.660417 0.127344 0.165278
36 0.797656 0.660417 0.129688 0.159722
36 0.925391 0.673611 0.136719 0.202778
14 0.235547 0.128472 0.130469 0.123611
14 0.362891 0.140278 0.128906 0.130556
