43 0.147266 0.885417 0.116406 0.173611
37 0.559766 0.811806 0.728906 0.104167
15 0.620703 0.613194 0.110156 0.173611
15 0.500000 0.615972 0.114063 0.187500
15 0.382031 0.602778 0.095312 0.161111
15 0.271875 0.610417 0.114063 0.179167
15 0.178516 0.602083 0.063281 0.154167
15 0.112500 0.611806 0.056250 0.184722
22 0.406641 0.236111 0.091406 0.111111
22 0.293359 0.229861 0.099219 0.112500
22 0.160547 0.227778 0.114844 0.125000
7 0.505078 0.201389 0.085156 0.158333
7 0.592578 0.202778 0.083594 0.166667
7 0.488672 0.388889 0.108594 0.180556
7 0.369531 0.386806 0.101562 0.170833
7 0.265234 0.387500 0.099219 0.169444
7 0.151562 0.390972 0.121875 0.176389
4 0.693750 0.201389 0.107813 0.158333
20 0.822266 0.201389 0.107031 0.063889
20 0.833594 0.257639 0.118750 0.054167
36 0.872656 0.636806 0.123438 0.181944
36 0.739844 0.620833 0.103125 0.177778
