1 0.088281 0.088889 0.140625 0.136111
1 0.204688 0.095139 0.095312 0.126389
1 0.312109 0.086111 0.108594 0.130556
1 0.435937 0.093750 0.125000 0.118056
19 0.575000 0.089583 0.115625 0.126389
19 0.705469 0.089583 0.129688 0.123611
19 0.837109 0.088889 0.122656 0.125000
22 0.126953 0.309028 0.124219 0.129167
22 0.245703 0.309028 0.107031 0.140278
22 0.361719 0.306944 0.118750 0.125000
22 0.478516 0.304167 0.110156 0.138889
22 0.594531 0.309722 0.109375 0.138889
22 0.710938 0.308333 0.114063 0.130556
22 0.824219 0.305556 0.089062 0.133333
22 0.905859 0.311806 0.060156 0.137500
5 0.104297 0.489583 0.138281 0.204167
5 0.210938 0.481250 0.081250 0.181944
5 0.295312 0.485417 0.087500 0.179167
5 0.400781 0.476389 0.106250 0.172222
5 0.509766 0.480556 0.111719 0.166667
5 0.627734 0.477778 0.117969 0.169444
5 0.750000 0.478472 0.118750 0.170833
5 0.871094 0.482639 0.117188 0.173611
5 0.613672 0.693750 0.124219 0.156944
24 0.169922 0.675694 0.133594 0.123611
24 0.321094 0.654861 0.100000 0.087500
24 0.414844 0.671528 0.082813 0.112500
15 0.728906 0.685417 0.070312 0.143056
15 0.824219 0.697917 0.115625 0.162500
