37 0.926172 0.089583 0.136719 0.106944
37 0.752344 0.090972 0.140625 0.098611
37 0.585547 0.081944 0.138281 0.097222
37 0.436719 0.092361 0.128125 0.081944
20 0.788281 0.318056 0.192188 0.077778
20 0.609766 0.243056 0.147656 0.069444
20 0.608203 0.322222 0.150781 0.083333
20 0.469141 0.238194 0.127344 0.073611
20 0.311719 0.241667 0.179688 0.080556
20 0.458203 0.324306 0.136719 0.065278
20 0.114844 0.318056 0.160938 0.063889
20 0.110547 0.240278 0.152344 0.077778
2 0.921484 0.509028 0.085156 0.148611
2 0.825391 0.513889 0.107031 0.158333
2 0.703516 0.519444 0.122656 0.133333
2 0.581250 0.521528 0.112500 0.145833
2 0.458203 0.509722 0.116406 0.163889
2 0.332812 0.520139 0.121875 0.165278
2 0.210547 0.517361 0.122656 0.159722
2 0.078125 0.515972 0.142188 0.162500
12 0.917969 0.757639 0.153125 0.165278
12 0.780859 0.743056 0.119531 0.147222
12 0.645703 0.754167 0.150781 0.169444
12 0.488672 0.754861 0.150781 0.165278
12 0.350781 0.745833 0.125000 0.155556
12 0.204297 0.754167 0.158594 0.144444
12 0.094531 0.727083 0.067188 0.168056
