15 0.903125 0.269444 0.157813 0.130556
15 0.604297 0.265278 0.147656 0.125000
15 0.485156 0.272222 0.090625 0.138889
15 0.372266 0.274306 0.135156 0.134722
15 0.155859 0.271528 0.130469 0.118056
15 0.076953 0.275000 0.083594 0.119444
15 0.087500 0.406250 0.112500 0.143056
15 0.221875 0.404861 0.151562 0.143056
15 0.353125 0.402083 0.085938 0.129167
15 0.464844 0.413194 0.135937 0.126389
15 0.615234 0.404861 0.132031 0.118056
15 0.784766 0.404167 0.169531 0.125000
15 0.920703 0.403472 0.105469 0.134722
14 0.893750 0.534028 0.179688 0.081944
14 0.723437 0.536111 0.162500 0.088889
14 0.566797 0.534722 0.149219 0.088889
14 0.418359 0.540278 0.142969 0.086111
14 0.266797 0.538194 0.147656 0.087500
14 0.112891 0.536806 0.150781 0.081944
9 0.276953 0.640972 0.138281 0.101389
45 0.132031 0.633333 0.146875 0.100000
48 0.584766 0.639583 0.166406 0.101389
48 0.424219 0.638889 0.154687 0.100000
51 0.763672 0.667361 0.146094 0.051389
51 0.920703 0.659028 0.138281 0.059722
51 0.918359 0.613889 0.139844 0.041667
51 0.768750 0.624306 0.159375 0.051389
51 0.448828 0.748611 0.139844 0.080556
51 0.481641 0.834722 0.089844 0.097222
51 0.355859 0.847222 0.157031 0.108333
51 0.221094 0.736806 0.142188 0.068056
48 0.924219 0.853472 0.151562 0.123611
48 0.922266 0.754861 0.149219 0.095833
48 0.761328 0.756250 0.163281 0.101389
48 0.764453 0.852778 0.152344 0.108333
48 0.602734 0.754861 0.153906 0.093056
48 0.609375 0.851389 0.159375 0.097222
46 0.177344 0.816667 0.137500 0.141667
