27 0.905078 0.206250 0.136719 0.143056
11 0.767969 0.173611 0.129688 0.200000
11 0.645312 0.175000 0.115625 0.202778
11 0.527344 0.174306 0.120312 0.204167
52 0.412109 0.175694 0.117969 0.201389
30 0.293359 0.184028 0.114844 0.190278
33 0.180859 0.175000 0.102344 0.208333
35 0.064062 0.182639 0.128125 0.204167
9 0.915625 0.372917 0.162500 0.154167
9 0.731641 0.375000 0.133594 0.161111
9 0.591797 0.376389 0.130469 0.152778
45 0.458203 0.379861 0.130469 0.154167
45 0.317187 0.377083 0.134375 0.156944
45 0.179688 0.377778 0.126563 0.152778
45 0.060938 0.376389 0.121875 0.150000
46 0.480078 0.597222 0.136719 0.236111
46 0.330859 0.595139 0.130469 0.237500
46 0.194141 0.597222 0.130469 0.238889
46 0.076563 0.594444 0.153125 0.238889
10 0.934766 0.591667 0.119531 0.225000
10 0.794922 0.592361 0.141406 0.240278
10 0.653906 0.595833 0.134375 0.244444
49 0.792578 0.842361 0.130469 0.237500
49 0.654688 0.852083 0.132812 0.229167
49 0.504687 0.847917 0.131250 0.220833
49 0.361719 0.845139 0.134375 0.220833
49 0.213672 0.841667 0.138281 0.230556
49 0.064844 0.841667 0.126563 0.230556
