46 0.886719 0.093750 0.151562 0.165278
46 0.735937 0.093750 0.143750 0.148611
46 0.605078 0.111111 0.113281 0.122222
46 0.267188 0.120139 0.110937 0.131944
46 0.158203 0.136806 0.107031 0.140278
48 0.461719 0.097917 0.135937 0.140278
51 0.673437 0.347222 0.106250 0.133333
51 0.540234 0.360417 0.144531 0.143056
51 0.393359 0.347917 0.149219 0.162500
51 0.244922 0.356250 0.149219 0.156944
51 0.091406 0.348611 0.154687 0.163889
11 0.350391 0.598611 0.138281 0.252778
11 0.204688 0.597917 0.142188 0.254167
11 0.097656 0.590278 0.112500 0.244444
49 0.821094 0.595833 0.160938 0.238889
49 0.507812 0.592361 0.159375 0.231944
49 0.106641 0.865972 0.132031 0.243056
49 0.757422 0.853472 0.160156 0.229167
