36 0.927734 0.820833 0.132031 0.191667
36 0.798047 0.826389 0.133594 0.194444
36 0.655469 0.818056 0.148438 0.197222
36 0.514063 0.820139 0.128125 0.179167
36 0.386328 0.828472 0.128906 0.176389
36 0.255859 0.828472 0.136719 0.179167
15 0.274219 0.621528 0.115625 0.159722
15 0.392188 0.615972 0.117188 0.148611
15 0.526563 0.615972 0.139062 0.134722
15 0.663281 0.615278 0.126563 0.138889
15 0.787891 0.617361 0.124219 0.145833
15 0.909375 0.615972 0.114063 0.143056
15 0.902344 0.443056 0.131250 0.161111
15 0.779688 0.446528 0.121875 0.170833
15 0.649219 0.434722 0.139062 0.152778
15 0.517969 0.441667 0.121875 0.155556
15 0.391797 0.447917 0.124219 0.159722
15 0.264844 0.443750 0.125000 0.159722
15 0.285547 0.268056 0.099219 0.144444
15 0.393750 0.270833 0.114063 0.155556
15 0.521875 0.270139 0.123438 0.156944
15 0.646875 0.268056 0.128125 0.155556
15 0.783203 0.268056 0.116406 0.147222
15 0.904688 0.275694 0.110937 0.159722
15 0.878516 0.118056 0.111719 0.119444
15 0.776563 0.120139 0.104687 0.131944
15 0.827734 0.184722 0.002344 0.002778
15 0.667969 0.115972 0.104687 0.140278
15 0.557422 0.115278 0.108594 0.122222
1 0.191406 0.118056 0.128125 0.108333
1 0.320703 0.117361 0.124219 0.095833
1 0.442578 0.114583 0.121094 0.112500
