24 0.906641 0.120833 0.063281 0.111111
24 0.810156 0.121528 0.128125 0.115278
24 0.645312 0.118750 0.137500 0.120833
24 0.496094 0.121528 0.143750 0.126389
24 0.336719 0.120833 0.145313 0.122222
24 0.185156 0.123611 0.132812 0.122222
24 0.770703 0.303472 0.133594 0.131944
24 0.625781 0.304861 0.134375 0.120833
24 0.481250 0.304861 0.143750 0.118056
24 0.323047 0.312500 0.146094 0.116667
24 0.178125 0.304861 0.134375 0.123611
22 0.890625 0.490278 0.081250 0.105556
22 0.792188 0.496528 0.118750 0.123611
22 0.668359 0.486111 0.113281 0.111111
22 0.548437 0.488889 0.114063 0.116667
22 0.427344 0.490278 0.109375 0.105556
22 0.305859 0.484722 0.124219 0.116667
22 0.167578 0.490278 0.113281 0.105556
37 0.546875 0.407639 0.703125 0.037500
23 0.432813 0.641667 0.110937 0.155556
23 0.303516 0.640278 0.124219 0.133333
23 0.178125 0.629167 0.114063 0.141667
17 0.903516 0.629861 0.049219 0.145833
17 0.811328 0.631944 0.127344 0.136111
17 0.684766 0.641667 0.125781 0.155556
17 0.558984 0.637500 0.125781 0.163889
12 0.271875 0.863194 0.135937 0.134722
12 0.135937 0.872222 0.128125 0.144444
13 0.401563 0.875000 0.162500 0.150000
13 0.563672 0.863889 0.155469 0.163889
16 0.735547 0.854861 0.132031 0.187500
16 0.871094 0.844444 0.123438 0.191667
