23 0.889453 0.810417 0.083594 0.134722
23 0.638281 0.840278 0.106250 0.169444
23 0.507422 0.852778 0.111719 0.208333
23 0.390234 0.863889 0.114844 0.180556
23 0.271484 0.875000 0.111719 0.158333
23 0.153906 0.886111 0.110937 0.147222
23 0.050391 0.877778 0.100781 0.166667
23 0.162891 0.657639 0.121094 0.131944
23 0.301172 0.661806 0.100781 0.134722
23 0.419141 0.663194 0.113281 0.131944
23 0.754297 0.654167 0.089844 0.125000
37 0.924609 0.642361 0.097656 0.123611
45 0.914844 0.526389 0.125000 0.111111
45 0.798047 0.529861 0.107031 0.098611
48 0.562109 0.524306 0.114844 0.109722
48 0.442578 0.526389 0.121094 0.102778
45 0.310547 0.526389 0.124219 0.108333
45 0.184375 0.527778 0.128125 0.111111
45 0.057813 0.529861 0.112500 0.109722
26 0.846484 0.357639 0.127344 0.173611
26 0.717969 0.352083 0.129688 0.162500
26 0.585938 0.354167 0.134375 0.158333
26 0.460938 0.351389 0.115625 0.152778
26 0.339844 0.350000 0.126563 0.155556
26 0.211328 0.352778 0.127344 0.158333
26 0.076953 0.354167 0.135156 0.163889
35 0.745703 0.200694 0.102344 0.129167
11 0.537109 0.186806 0.122656 0.170833
11 0.428906 0.197222 0.101562 0.147222
11 0.303516 0.190278 0.119531 0.152778
11 0.183984 0.182639 0.114844 0.168056
11 0.064062 0.184722 0.125000 0.161111
37 0.576953 0.663889 0.116406 0.141667
