19 0.598047 0.281250 0.086719 0.118056
19 0.599609 0.397917 0.088281 0.118056
19 0.508984 0.279167 0.091406 0.122222
19 0.515625 0.393750 0.078125 0.112500
19 0.425391 0.283333 0.086719 0.122222
19 0.436719 0.404167 0.089062 0.113889
19 0.343359 0.282639 0.085156 0.120833
19 0.350391 0.399306 0.088281 0.118056
19 0.259766 0.275000 0.092969 0.130556
19 0.174219 0.280556 0.084375 0.122222
19 0.269922 0.396528 0.086719 0.123611
19 0.186719 0.399306 0.079687 0.129167
18 0.609766 0.148611 0.088281 0.119444
18 0.522266 0.148611 0.083594 0.116667
18 0.436719 0.147917 0.084375 0.118056
18 0.353125 0.148611 0.084375 0.122222
18 0.269531 0.151389 0.085938 0.122222
18 0.183594 0.152778 0.085938 0.125000
18 0.099219 0.152778 0.082813 0.125000
18 0.032031 0.154167 0.051562 0.122222
41 0.271875 0.065278 0.507812 0.050000
7 0.107031 0.368056 0.076563 0.166667
7 0.045313 0.370833 0.046875 0.172222
15 0.186328 0.554861 0.088281 0.173611
15 0.101562 0.554167 0.081250 0.172222
15 0.041016 0.552778 0.039844 0.172222
48 0.590625 0.590972 0.078125 0.118056
48 0.510547 0.595833 0.082031 0.127778
48 0.405859 0.548611 0.074219 0.108333
48 0.335156 0.548611 0.067188 0.108333
48 0.264062 0.556944 0.075000 0.091667
36 0.646094 0.888194 0.100000 0.215278
36 0.550391 0.894444 0.083594 0.188889
36 0.462500 0.890278 0.092188 0.180556
36 0.373047 0.890972 0.086719 0.181944
36 0.285156 0.870139 0.089062 0.223611
36 0.198828 0.869444 0.083594 0.222222
41 0.364062 0.729861 0.598437 0.095833
