37 0.110937 0.051389 0.068750 0.097222
37 0.180859 0.056250 0.050781 0.112500
37 0.233984 0.056944 0.049219 0.105556
27 0.295703 0.054861 0.064844 0.109722
37 0.529688 0.049306 0.062500 0.098611
37 0.601172 0.050694 0.071094 0.101389
37 0.175781 0.205556 0.067188 0.152778
29 0.238672 0.204861 0.057031 0.140278
37 0.307813 0.207639 0.070312 0.154167
36 0.516406 0.201389 0.059375 0.161111
36 0.565234 0.200000 0.035156 0.158333
36 0.616797 0.206944 0.057031 0.158333
33 0.112500 0.355556 0.075000 0.138889
34 0.185547 0.360417 0.063281 0.143056
37 0.250781 0.363194 0.065625 0.143056
39 0.327344 0.364583 0.070312 0.137500
39 0.397656 0.361806 0.062500 0.140278
39 0.463672 0.362500 0.063281 0.136111
39 0.528516 0.363194 0.057031 0.134722
39 0.598828 0.363194 0.072656 0.140278
0 0.116016 0.504167 0.075781 0.141667
0 0.197656 0.500694 0.068750 0.137500
37 0.451953 0.207639 0.066406 0.137500
25 0.334766 0.504167 0.063281 0.136111
37 0.401563 0.508333 0.064062 0.144444
8 0.601172 0.509028 0.075781 0.131944
26 0.182422 0.667361 0.075781 0.154167
26 0.261328 0.629861 0.052344 0.106944
26 0.362500 0.640278 0.071875 0.125000
26 0.428906 0.622222 0.057813 0.083333
26 0.491406 0.627083 0.070312 0.079167
6 0.582031 0.659028 0.087500 0.148611
37 0.499609 0.854861 0.071094 0.168056
37 0.575000 0.856250 0.073437 0.179167
37 0.430469 0.851389 0.060938 0.180556
37 0.313672 0.868056 0.113281 0.194444
37 0.118750 0.859722 0.093750 0.169444
37 0.384375 0.829861 0.040625 0.140278
