27 0.436719 0.068750 0.118750 0.131944
27 0.311719 0.072222 0.131250 0.138889
27 0.195703 0.075694 0.100781 0.131944
27 0.076953 0.073611 0.136719 0.127778
52 0.671094 0.069444 0.114063 0.133333
52 0.559766 0.074306 0.108594 0.143056
11 0.907422 0.070833 0.108594 0.138889
11 0.791406 0.070833 0.115625 0.136111
46 0.489453 0.272917 0.127344 0.220833
46 0.360938 0.273611 0.129688 0.222222
46 0.234375 0.275000 0.123438 0.219444
46 0.104297 0.275000 0.136719 0.219444
45 0.899609 0.309028 0.125781 0.148611
45 0.776953 0.309722 0.119531 0.150000
45 0.653516 0.312500 0.127344 0.144444
49 0.535156 0.535417 0.128125 0.212500
49 0.400000 0.535417 0.142188 0.212500
49 0.251953 0.531944 0.135156 0.216667
49 0.103906 0.531944 0.135937 0.213889
49 0.080078 0.758333 0.135156 0.205556
49 0.221875 0.762500 0.131250 0.205556
49 0.368359 0.762500 0.133594 0.208333
49 0.511328 0.759722 0.124219 0.211111
49 0.649219 0.759722 0.143750 0.213889
49 0.792578 0.759028 0.128906 0.204167
49 0.929297 0.757639 0.125781 0.195833
9 0.666797 0.561806 0.128906 0.168056
10 0.803906 0.521528 0.129688 0.231944
10 0.930469 0.526389 0.115625 0.244444
48 0.927734 0.926389 0.111719 0.097222
48 0.805469 0.936806 0.129688 0.106944
48 0.668359 0.934028 0.122656 0.093056
48 0.511719 0.933333 0.135937 0.100000
48 0.314063 0.944444 0.134375 0.105556
48 0.181250 0.939583 0.126563 0.109722
48 0.060156 0.940278 0.114063 0.108333
