11 0.076172 0.119444 0.116406 0.161111
11 0.192578 0.114583 0.108594 0.162500
11 0.309766 0.121528 0.113281 0.151389
11 0.432422 0.116667 0.089844 0.150000
11 0.537109 0.122917 0.116406 0.145833
35 0.956250 0.129861 0.071875 0.134722
35 0.736719 0.124306 0.104687 0.159722
26 0.833984 0.308333 0.122656 0.188889
26 0.708594 0.304167 0.125000 0.197222
26 0.586328 0.308333 0.119531 0.188889
26 0.467187 0.307639 0.118750 0.187500
26 0.344141 0.307639 0.127344 0.187500
26 0.219531 0.311111 0.121875 0.194444
26 0.089844 0.306944 0.126563 0.188889
45 0.900781 0.502083 0.125000 0.131944
45 0.789453 0.465278 0.102344 0.097222
45 0.314453 0.506944 0.117969 0.127778
45 0.192969 0.504861 0.118750 0.129167
45 0.074219 0.508333 0.118750 0.136111
23 0.734766 0.642361 0.119531 0.140278
23 0.425000 0.634722 0.107813 0.125000
23 0.310937 0.639583 0.101562 0.131944
23 0.176172 0.657639 0.113281 0.165278
23 0.060547 0.882639 0.105469 0.173611
23 0.168750 0.890972 0.110937 0.198611
23 0.280078 0.888194 0.110156 0.198611
23 0.397266 0.881944 0.110156 0.180556
23 0.510156 0.881250 0.114063 0.190278
23 0.642969 0.827083 0.103125 0.156944
