22 0.651172 0.566667 0.075781 0.105556
22 0.539453 0.570139 0.147656 0.112500
22 0.448047 0.552778 0.036719 0.080556
22 0.354688 0.574306 0.139062 0.093056
19 0.891797 0.578472 0.094531 0.112500
19 0.762500 0.570139 0.137500 0.109722
50 0.905078 0.437500 0.085156 0.091667
50 0.796875 0.433333 0.128125 0.063889
50 0.662109 0.431944 0.141406 0.066667
50 0.503516 0.437500 0.155469 0.075000
50 0.340625 0.437500 0.154687 0.061111
50 0.208594 0.438889 0.109375 0.063889
50 0.094922 0.437500 0.114844 0.063889
36 0.213672 0.555556 0.136719 0.130556
16 0.729297 0.778472 0.174219 0.170833
15 0.558203 0.771528 0.166406 0.176389
15 0.390625 0.775000 0.164062 0.169444
15 0.216016 0.761806 0.158594 0.154167
15 0.084766 0.750000 0.097656 0.166667
48 0.880078 0.308333 0.146094 0.100000
48 0.726953 0.308333 0.160156 0.100000
11 0.543750 0.290972 0.139062 0.137500
11 0.402734 0.290278 0.142969 0.136111
27 0.232031 0.315972 0.151562 0.098611
27 0.096875 0.316667 0.118750 0.100000
34 0.911328 0.123611 0.111719 0.133333
34 0.788281 0.131944 0.135937 0.122222
34 0.648828 0.131944 0.142969 0.122222
34 0.505859 0.129861 0.142969 0.126389
10 0.375781 0.128472 0.118750 0.134722
10 0.248828 0.131944 0.135156 0.141667
52 0.085547 0.130556 0.102344 0.136111
52 0.147266 0.127778 0.049219 0.127778
