36 0.921875 0.882639 0.129688 0.204167
36 0.778516 0.879861 0.144531 0.215278
36 0.629687 0.881250 0.148438 0.184722
36 0.480859 0.882639 0.144531 0.206944
36 0.342187 0.892361 0.134375 0.156944
36 0.208984 0.891667 0.128906 0.166667
36 0.090625 0.887500 0.107813 0.175000
15 0.905469 0.662500 0.129688 0.175000
15 0.762500 0.652778 0.139062 0.158333
15 0.623828 0.660417 0.124219 0.168056
15 0.492188 0.659028 0.131250 0.176389
15 0.359375 0.661111 0.134375 0.180556
15 0.226562 0.651389 0.115625 0.150000
15 0.904297 0.460417 0.124219 0.170833
15 0.774609 0.468750 0.135156 0.187500
15 0.621875 0.463889 0.112500 0.166667
15 0.490625 0.466667 0.126563 0.163889
15 0.357031 0.463889 0.128125 0.158333
15 0.219141 0.469444 0.124219 0.172222
15 0.236328 0.270139 0.094531 0.156944
15 0.349219 0.274306 0.125000 0.165278
15 0.492969 0.279167 0.115625 0.158333
15 0.621484 0.275000 0.128906 0.161111
15 0.763281 0.273611 0.120312 0.163889
15 0.897656 0.275694 0.120312 0.162500
15 0.876953 0.102778 0.105469 0.127778
15 0.758984 0.097222 0.110156 0.113889
15 0.648047 0.104861 0.105469 0.126389
15 0.537109 0.099306 0.114844 0.120833
1 0.407813 0.109722 0.132812 0.113889
1 0.276172 0.118056 0.130469 0.100000
1 0.143359 0.109028 0.133594 0.106944
