49 0.090234 0.147917 0.147656 0.204167
49 0.235156 0.153472 0.137500 0.193056
49 0.385156 0.157639 0.139062 0.193056
49 0.526172 0.161111 0.135156 0.200000
49 0.074609 0.377083 0.138281 0.198611
49 0.212891 0.374306 0.135156 0.198611
49 0.361328 0.373611 0.142969 0.205556
49 0.508594 0.379861 0.151562 0.195833
49 0.652734 0.381944 0.125781 0.200000
49 0.785937 0.381944 0.139062 0.191667
49 0.929297 0.387500 0.128906 0.211111
49 0.342969 0.775000 0.123438 0.222222
49 0.471094 0.785417 0.128125 0.234722
49 0.068359 0.786111 0.117969 0.216667
49 0.732813 0.768056 0.104687 0.191667
50 0.927344 0.875000 0.142188 0.119444
48 0.060938 0.573611 0.117188 0.158333
48 0.185156 0.575694 0.126563 0.162500
48 0.316016 0.575000 0.130469 0.152778
48 0.411328 0.566667 0.058594 0.136111
48 0.509766 0.575000 0.139844 0.155556
48 0.678516 0.581250 0.139844 0.151389
48 0.811719 0.579861 0.131250 0.154167
48 0.938672 0.581250 0.114844 0.151389
9 0.662500 0.186111 0.140625 0.150000
10 0.798047 0.149306 0.130469 0.215278
10 0.932813 0.160417 0.134375 0.237500
