15 0.103125 0.156944 0.143750 0.141667
15 0.259766 0.145139 0.127344 0.140278
15 0.405859 0.152083 0.142969 0.140278
15 0.090234 0.306250 0.139844 0.156944
15 0.418750 0.301389 0.145313 0.150000
15 0.744531 0.305556 0.157813 0.144444
15 0.888672 0.470139 0.171094 0.151389
15 0.720312 0.468056 0.165625 0.147222
15 0.564844 0.465278 0.145313 0.152778
15 0.414062 0.467361 0.156250 0.156944
15 0.255469 0.467361 0.160938 0.156944
15 0.088672 0.469444 0.171094 0.158333
15 0.084375 0.629167 0.157813 0.158333
15 0.246875 0.620139 0.142188 0.170833
15 0.438281 0.618750 0.145313 0.140278
15 0.592578 0.622917 0.157031 0.151389
15 0.756250 0.618750 0.134375 0.151389
15 0.909766 0.620139 0.167969 0.154167
15 0.752344 0.811806 0.181250 0.176389
15 0.918359 0.798611 0.152344 0.183333
15 0.542969 0.820833 0.150000 0.172222
15 0.358594 0.815278 0.162500 0.191667
