39 0.507031 0.132639 0.098438 0.151389
39 0.396875 0.128472 0.109375 0.154167
39 0.285937 0.125000 0.112500 0.147222
39 0.170703 0.122917 0.117969 0.151389
39 0.054297 0.126389 0.108594 0.163889
1 0.953906 0.118750 0.087500 0.162500
35 0.861328 0.135417 0.100781 0.170833
37 0.623047 0.131944 0.119531 0.163889
49 0.830469 0.307639 0.128125 0.159722
49 0.708984 0.309028 0.114844 0.162500
49 0.220703 0.306250 0.130469 0.148611
49 0.089453 0.315278 0.132031 0.158333
48 0.937109 0.459028 0.097656 0.126389
48 0.827344 0.454861 0.121875 0.118056
48 0.706641 0.456944 0.119531 0.113889
48 0.585156 0.459722 0.123438 0.119444
48 0.435156 0.454167 0.123438 0.113889
48 0.312891 0.456250 0.121094 0.118056
48 0.191797 0.457639 0.121094 0.115278
48 0.066016 0.463889 0.125781 0.125000
12 0.921094 0.586806 0.107813 0.109722
12 0.798437 0.585417 0.128125 0.115278
18 0.669922 0.572222 0.117969 0.100000
18 0.554688 0.579861 0.112500 0.115278
18 0.437891 0.573611 0.117969 0.111111
18 0.323047 0.577778 0.113281 0.111111
18 0.257031 0.571528 0.018750 0.101389
18 0.185937 0.579861 0.125000 0.120833
18 0.062109 0.588889 0.124219 0.136111
36 0.943359 0.835417 0.100781 0.170833
36 0.821875 0.837500 0.120312 0.175000
36 0.703906 0.836806 0.115625 0.173611
20 0.563281 0.797917 0.118750 0.081944
20 0.562500 0.870139 0.118750 0.076389
20 0.442187 0.798611 0.120312 0.072222
20 0.435156 0.890278 0.129688 0.091667
19 0.301172 0.857639 0.122656 0.145833
19 0.176563 0.861806 0.126563 0.154167
19 0.057422 0.861806 0.114844 0.143056
19 0.076953 0.724306 0.127344 0.129167
