20 0.149609 0.127778 0.127344 0.061111
20 0.276953 0.123611 0.124219 0.063889
20 0.152734 0.178472 0.132031 0.062500
20 0.276563 0.177083 0.117188 0.073611
20 0.397266 0.126389 0.111719 0.052778
20 0.400000 0.177083 0.126563 0.073611
19 0.653906 0.148611 0.125000 0.113889
19 0.785547 0.150694 0.121094 0.120833
19 0.917578 0.153472 0.128906 0.123611
21 0.699219 0.312500 0.123438 0.158333
21 0.865625 0.315972 0.132812 0.162500
23 0.533594 0.315278 0.121875 0.144444
23 0.427344 0.313194 0.087500 0.159722
23 0.332422 0.314583 0.128906 0.162500
23 0.200391 0.315278 0.142969 0.177778
7 0.155078 0.491667 0.086719 0.166667
7 0.261719 0.490972 0.117188 0.168056
7 0.344531 0.491667 0.045313 0.177778
7 0.422656 0.488194 0.115625 0.179167
5 0.608984 0.493750 0.130469 0.165278
5 0.803906 0.492361 0.110937 0.159722
5 0.922266 0.496528 0.119531 0.187500
5 0.710938 0.482639 0.073437 0.154167
5 0.511328 0.490972 0.074219 0.176389
49 0.165234 0.856944 0.136719 0.163889
49 0.303906 0.847917 0.125000 0.159722
49 0.431250 0.847917 0.128125 0.165278
49 0.555859 0.845139 0.127344 0.162500
49 0.680078 0.843056 0.117969 0.144444
49 0.794531 0.842361 0.112500 0.151389
49 0.915234 0.863194 0.128906 0.201389
49 0.485156 0.670833 0.135937 0.166667
4 0.175391 0.667361 0.132031 0.162500
4 0.287109 0.663889 0.088281 0.169444
4 0.358984 0.664583 0.116406 0.168056
48 0.949609 0.690972 0.064844 0.148611
40 0.743359 0.671528 0.121094 0.159722
40 0.860937 0.670139 0.110937 0.165278
