19 0.151172 0.092361 0.119531 0.129167
19 0.275000 0.092361 0.118750 0.120833
19 0.393750 0.094444 0.121875 0.125000
19 0.513672 0.091667 0.117969 0.133333
19 0.631641 0.086806 0.122656 0.131944
19 0.755469 0.090278 0.125000 0.133333
19 0.878906 0.088889 0.121875 0.147222
20 0.819922 0.268056 0.124219 0.072222
20 0.835547 0.338889 0.119531 0.069444
22 0.149609 0.313194 0.100781 0.137500
22 0.296094 0.304861 0.095312 0.129167
22 0.403906 0.293056 0.090625 0.119444
7 0.134766 0.492361 0.114844 0.176389
7 0.259375 0.479861 0.095312 0.159722
7 0.364844 0.474306 0.107813 0.156944
7 0.483203 0.481250 0.119531 0.173611
36 0.881641 0.735417 0.116406 0.206944
36 0.746484 0.713194 0.116406 0.179167
15 0.254297 0.717361 0.127344 0.187500
15 0.373047 0.708333 0.105469 0.169444
15 0.617188 0.718750 0.121875 0.181944
15 0.495313 0.722917 0.118750 0.190278
15 0.153906 0.709028 0.073437 0.162500
37 0.559375 0.936111 0.771875 0.116667
