30 0.085156 0.084722 0.160938 0.147222
30 0.255078 0.090278 0.172656 0.172222
30 0.432031 0.084028 0.162500 0.168056
30 0.594531 0.085417 0.165625 0.170833
44 0.082422 0.296528 0.155469 0.181944
44 0.245703 0.297917 0.157031 0.190278
44 0.405469 0.300694 0.156250 0.193056
44 0.573438 0.298611 0.168750 0.177778
44 0.743750 0.300000 0.173438 0.172222
44 0.899219 0.294444 0.132812 0.172222
9 0.100781 0.468056 0.098438 0.108333
9 0.228516 0.464583 0.161719 0.145833
9 0.410547 0.484028 0.183594 0.123611
48 0.589453 0.483333 0.171094 0.111111
48 0.761719 0.478472 0.173438 0.118056
48 0.907812 0.473611 0.115625 0.130556
4 0.142188 0.653472 0.115625 0.193056
4 0.274609 0.657639 0.150781 0.204167
4 0.429297 0.662500 0.164844 0.197222
4 0.633203 0.650000 0.189844 0.208333
4 0.818359 0.649306 0.182031 0.220833
7 0.087891 0.898611 0.174219 0.194444
7 0.251953 0.899306 0.158594 0.201389
7 0.425391 0.893750 0.183594 0.201389
