27 0.061328 0.347917 0.121094 0.154167
27 0.168359 0.345139 0.100781 0.159722
27 0.273047 0.343750 0.110156 0.162500
27 0.396484 0.347917 0.114844 0.162500
52 0.510938 0.317361 0.109375 0.204167
52 0.617578 0.322222 0.107031 0.219444
11 0.722656 0.313194 0.110937 0.220833
11 0.837891 0.318056 0.119531 0.236111
46 0.103125 0.556250 0.117188 0.209722
46 0.220313 0.559722 0.115625 0.216667
46 0.337109 0.564583 0.117969 0.234722
46 0.453906 0.565278 0.117188 0.233333
45 0.600000 0.593750 0.123438 0.193056
45 0.718359 0.593056 0.121094 0.191667
45 0.835938 0.596528 0.125000 0.179167
48 0.108594 0.864583 0.131250 0.240278
48 0.242578 0.848611 0.124219 0.258333
48 0.372656 0.852083 0.121875 0.248611
48 0.498047 0.855556 0.121094 0.266667
9 0.619531 0.889583 0.121875 0.206944
10 0.746094 0.858333 0.129688 0.272222
10 0.865625 0.854861 0.121875 0.279167
