49 0.828906 0.900000 0.115625 0.186111
49 0.707422 0.903472 0.127344 0.193056
49 0.581641 0.899306 0.124219 0.201389
49 0.456641 0.899306 0.125781 0.201389
49 0.326953 0.902778 0.114844 0.194444
49 0.207813 0.902778 0.123438 0.194444
49 0.085938 0.902778 0.120312 0.194444
49 0.094922 0.663889 0.136719 0.247222
49 0.228125 0.666667 0.125000 0.244444
49 0.360938 0.661111 0.117188 0.244444
49 0.479297 0.663194 0.119531 0.248611
10 0.839063 0.657639 0.117188 0.245833
10 0.718750 0.657639 0.123438 0.245833
9 0.596484 0.705556 0.116406 0.180556
45 0.805469 0.440278 0.103125 0.144444
45 0.698438 0.442361 0.107813 0.159722
45 0.587109 0.441667 0.114844 0.161111
46 0.438672 0.409722 0.114844 0.225000
46 0.324609 0.410417 0.113281 0.226389
46 0.211719 0.407639 0.112500 0.231944
46 0.093750 0.409028 0.117188 0.220833
11 0.826172 0.175694 0.110156 0.226389
11 0.708594 0.178472 0.101562 0.215278
52 0.604297 0.177083 0.102344 0.195833
52 0.502344 0.181250 0.101562 0.204167
27 0.388672 0.211111 0.108594 0.141667
27 0.274609 0.211806 0.113281 0.145833
27 0.169141 0.211806 0.097656 0.145833
27 0.060938 0.209028 0.118750 0.151389
