1 0.032031 0.136806 0.059375 0.120833
1 0.125000 0.136111 0.117188 0.113889
45 0.242188 0.133333 0.120312 0.116667
45 0.361719 0.136806 0.118750 0.109722
46 0.503906 0.106944 0.118750 0.133333
46 0.651172 0.113194 0.105469 0.134722
46 0.774609 0.114583 0.110156 0.134722
46 0.907812 0.117361 0.118750 0.145833
52 0.109375 0.294444 0.106250 0.172222
30 0.217187 0.301389 0.115625 0.147222
11 0.330469 0.288889 0.125000 0.144444
11 0.452734 0.300694 0.117969 0.173611
35 0.685938 0.292361 0.117188 0.162500
35 0.792969 0.285417 0.104687 0.184722
34 0.571875 0.296528 0.118750 0.170833
27 0.913281 0.324306 0.142188 0.137500
42 0.151953 0.800000 0.128906 0.227778
42 0.295703 0.790972 0.128906 0.201389
42 0.448438 0.792361 0.140625 0.212500
42 0.612500 0.797222 0.142188 0.202778
42 0.788281 0.815972 0.137500 0.218056
42 0.922266 0.816667 0.117969 0.202778
45 0.046484 0.490278 0.072656 0.141667
45 0.148438 0.481250 0.117188 0.145833
48 0.264844 0.481944 0.120312 0.155556
48 0.388672 0.489583 0.116406 0.140278
48 0.510547 0.486111 0.128906 0.141667
48 0.646875 0.497222 0.129688 0.133333
48 0.795703 0.491667 0.128906 0.155556
48 0.932031 0.497222 0.129688 0.144444
48 0.043750 0.635417 0.065625 0.131944
48 0.143750 0.627083 0.110937 0.129167
48 0.267578 0.625000 0.122656 0.136111
48 0.389062 0.625694 0.121875 0.126389
48 0.518359 0.627778 0.121094 0.141667
48 0.638672 0.632639 0.119531 0.143056
48 0.757422 0.635417 0.130469 0.137500
48 0.893750 0.642361 0.129688 0.140278
