46 0.429688 0.153472 0.118750 0.162500
46 0.303516 0.154167 0.125781 0.172222
46 0.176563 0.155556 0.117188 0.147222
46 0.057813 0.159028 0.106250 0.154167
45 0.936719 0.190278 0.121875 0.125000
45 0.808594 0.192361 0.128125 0.129167
45 0.683203 0.195139 0.122656 0.118056
45 0.558203 0.195139 0.127344 0.118056
27 0.721875 0.372222 0.123438 0.125000
30 0.605078 0.350000 0.102344 0.147222
52 0.492969 0.343056 0.109375 0.161111
33 0.381250 0.345833 0.109375 0.150000
33 0.264844 0.345833 0.117188 0.150000
47 0.132422 0.344444 0.117969 0.130556
50 0.931250 0.531944 0.131250 0.058333
50 0.913281 0.472917 0.128125 0.065278
50 0.801562 0.532639 0.128125 0.059722
51 0.675781 0.498611 0.121875 0.127778
51 0.580469 0.493056 0.067188 0.094444
51 0.280078 0.487500 0.092969 0.088889
51 0.158203 0.487500 0.096094 0.097222
20 0.917188 0.652778 0.140625 0.061111
20 0.921875 0.722222 0.131250 0.061111
19 0.705078 0.681250 0.128906 0.120833
19 0.533984 0.679861 0.127344 0.129167
19 0.401953 0.681250 0.136719 0.131944
19 0.269531 0.684028 0.128125 0.126389
19 0.132031 0.685417 0.121875 0.115278
4 0.932031 0.861111 0.129688 0.177778
36 0.792188 0.862500 0.137500 0.197222
5 0.543750 0.855556 0.131250 0.188889
5 0.414453 0.857639 0.128906 0.195833
5 0.264062 0.846528 0.120312 0.181944
7 0.146094 0.836806 0.106250 0.168056
32 0.039844 0.846528 0.079687 0.184722
