23 0.444922 0.840278 0.158594 0.202778
46 0.303906 0.795139 0.110937 0.173611
46 0.644531 0.820833 0.135937 0.188889
46 0.739453 0.793056 0.100781 0.175000
46 0.902734 0.830556 0.157031 0.191667
45 0.888281 0.068750 0.154687 0.129167
45 0.606250 0.088194 0.131250 0.120833
45 0.744922 0.071528 0.130469 0.131944
45 0.347656 0.098611 0.076563 0.105556
45 0.251563 0.102778 0.115625 0.113889
45 0.132422 0.102778 0.122656 0.113889
48 0.458984 0.081944 0.147656 0.130556
51 0.683594 0.266667 0.123438 0.091667
51 0.539062 0.258333 0.151562 0.119444
51 0.391797 0.258333 0.142969 0.119444
51 0.245312 0.259722 0.150000 0.122222
51 0.091406 0.254861 0.157813 0.131944
11 0.099219 0.429861 0.101562 0.165278
11 0.211328 0.426389 0.141406 0.161111
11 0.353906 0.427083 0.143750 0.168056
49 0.512109 0.434028 0.146094 0.162500
49 0.654688 0.428472 0.120312 0.154167
49 0.816016 0.425694 0.149219 0.162500
49 0.750000 0.602083 0.160938 0.170833
49 0.128125 0.606250 0.126563 0.162500
49 0.260547 0.603472 0.128906 0.162500
49 0.419141 0.599306 0.157031 0.184722
49 0.579297 0.596528 0.153906 0.173611
