37 0.058203 0.736806 0.105469 0.220833
49 0.447266 0.777778 0.078906 0.186111
49 0.353516 0.776389 0.077344 0.205556
49 0.271094 0.780556 0.092188 0.197222
49 0.186328 0.776389 0.077344 0.205556
49 0.098438 0.773611 0.082813 0.191667
48 0.129297 0.140278 0.069531 0.097222
48 0.197656 0.140972 0.070312 0.095833
48 0.268750 0.136806 0.071875 0.104167
48 0.336328 0.140972 0.057031 0.115278
48 0.400391 0.138194 0.064844 0.115278
48 0.472266 0.141667 0.071094 0.111111
9 0.689844 0.139583 0.067188 0.118056
9 0.623047 0.140278 0.066406 0.119444
9 0.554688 0.142361 0.070312 0.115278
51 0.876953 0.139583 0.039844 0.115278
51 0.822266 0.140972 0.067969 0.106944
51 0.757031 0.137500 0.062500 0.113889
37 0.871875 0.292361 0.046875 0.143056
37 0.812891 0.293056 0.067969 0.133333
37 0.749609 0.290972 0.058594 0.137500
30 0.689062 0.290972 0.064062 0.134722
30 0.626172 0.296528 0.061719 0.145833
33 0.479688 0.289583 0.032812 0.140278
33 0.447266 0.292361 0.063281 0.143056
33 0.389453 0.288889 0.060156 0.141667
35 0.330078 0.289583 0.063281 0.137500
35 0.270703 0.289583 0.057031 0.143056
52 0.208984 0.290278 0.057031 0.147222
52 0.149609 0.293056 0.061719 0.152778
32 0.826172 0.458333 0.063281 0.161111
37 0.764063 0.459028 0.065625 0.134722
37 0.690625 0.455556 0.071875 0.136111
36 0.446875 0.456944 0.062500 0.130556
36 0.387109 0.460417 0.057031 0.137500
36 0.325781 0.456944 0.060938 0.136111
29 0.266406 0.457639 0.051562 0.126389
29 0.212109 0.461111 0.057031 0.133333
29 0.152734 0.457639 0.061719 0.140278
17 0.709766 0.762500 0.078906 0.227778
17 0.796484 0.756250 0.100781 0.206944
37 0.874609 0.770139 0.055469 0.206944
41 0.798047 0.619444 0.199219 0.097222
41 0.405469 0.621528 0.545313 0.109722
