20 0.107031 0.152778 0.139062 0.058333
20 0.107031 0.206250 0.143750 0.076389
20 0.239844 0.156944 0.121875 0.050000
20 0.237109 0.202083 0.121094 0.051389
20 0.377344 0.202083 0.117188 0.070833
19 0.638672 0.184028 0.119531 0.098611
19 0.768359 0.176389 0.130469 0.105556
19 0.901563 0.176389 0.132812 0.111111
21 0.653906 0.313889 0.132812 0.141667
21 0.758984 0.311111 0.088281 0.158333
21 0.860156 0.317361 0.128125 0.145833
7 0.094531 0.469444 0.106250 0.150000
7 0.208984 0.473611 0.124219 0.144444
7 0.373047 0.468056 0.136719 0.141667
5 0.560156 0.466667 0.139062 0.147222
5 0.758203 0.461111 0.136719 0.136111
5 0.902734 0.472917 0.135156 0.154167
4 0.107813 0.622917 0.131250 0.145833
4 0.219922 0.616667 0.091406 0.144444
4 0.314453 0.626389 0.128906 0.141667
49 0.443359 0.625694 0.132031 0.143056
40 0.704297 0.618750 0.146094 0.143056
40 0.842578 0.624306 0.130469 0.151389
49 0.105469 0.776389 0.123438 0.147222
49 0.232422 0.772917 0.124219 0.131944
49 0.374609 0.768056 0.146094 0.141667
49 0.511719 0.776389 0.129688 0.144444
49 0.640234 0.768056 0.125781 0.116667
49 0.767578 0.771528 0.121094 0.137500
49 0.905469 0.790278 0.162500 0.172222
23 0.151172 0.309722 0.142969 0.138889
23 0.293359 0.313194 0.136719 0.145833
23 0.494141 0.313194 0.114844 0.137500
