48 0.166406 0.170833 0.078125 0.111111
48 0.246875 0.171528 0.076563 0.123611
48 0.326562 0.157639 0.076563 0.120833
48 0.398438 0.167361 0.068750 0.118056
48 0.473047 0.161111 0.078906 0.113889
48 0.554688 0.170139 0.078125 0.109722
9 0.650391 0.169444 0.085156 0.111111
9 0.730859 0.160417 0.075781 0.112500
9 0.802734 0.162500 0.067969 0.111111
33 0.533203 0.312500 0.077344 0.130556
33 0.461328 0.314583 0.067969 0.131944
35 0.392969 0.311111 0.068750 0.133333
35 0.323828 0.308333 0.063281 0.136111
52 0.260547 0.309722 0.063281 0.141667
52 0.188281 0.313889 0.081250 0.144444
30 0.729688 0.317361 0.078125 0.131944
30 0.804688 0.312500 0.073437 0.138889
36 0.525781 0.475694 0.070312 0.140278
36 0.457812 0.477778 0.070312 0.133333
36 0.386719 0.474306 0.075000 0.137500
29 0.185937 0.473611 0.070312 0.141667
29 0.256250 0.477778 0.070312 0.144444
29 0.317187 0.466667 0.054688 0.155556
37 0.798828 0.475000 0.078906 0.133333
37 0.876562 0.475694 0.070312 0.137500
49 0.090625 0.752083 0.123438 0.195833
49 0.197266 0.752083 0.088281 0.195833
49 0.288672 0.747917 0.102344 0.206944
49 0.392578 0.746528 0.080469 0.212500
49 0.487891 0.736806 0.110156 0.220833
17 0.790234 0.741667 0.086719 0.202778
