22 0.092578 0.081250 0.135156 0.112500
22 0.233203 0.084722 0.133594 0.113889
22 0.400781 0.090278 0.117188 0.105556
22 0.493750 0.095833 0.065625 0.088889
22 0.575391 0.099306 0.103906 0.079167
17 0.101562 0.242361 0.143750 0.181944
17 0.231641 0.242361 0.110156 0.176389
17 0.357422 0.240972 0.139844 0.176389
16 0.499609 0.238889 0.128906 0.172222
16 0.636719 0.239583 0.135937 0.176389
16 0.757031 0.242361 0.100000 0.170833
16 0.839063 0.226389 0.059375 0.152778
16 0.914844 0.238194 0.118750 0.173611
24 0.116016 0.452083 0.160156 0.154167
24 0.274609 0.447222 0.161719 0.141667
24 0.415625 0.422222 0.117188 0.127778
24 0.550000 0.425694 0.153125 0.159722
24 0.690234 0.430556 0.121094 0.150000
6 0.827734 0.425000 0.128906 0.158333
6 0.939844 0.447917 0.065625 0.154167
24 0.124609 0.645833 0.150781 0.158333
24 0.289062 0.642361 0.148438 0.156944
24 0.434766 0.636111 0.152344 0.144444
24 0.605859 0.642361 0.157031 0.162500
24 0.786328 0.634722 0.155469 0.155556
12 0.082031 0.885417 0.159375 0.156944
13 0.248828 0.879167 0.172656 0.163889
13 0.424609 0.882639 0.177344 0.145833
13 0.662109 0.893056 0.188281 0.166667
13 0.883594 0.889583 0.193750 0.170833
