49 0.335938 0.681250 0.103125 0.143056
49 0.442969 0.665278 0.109375 0.133333
49 0.654297 0.656944 0.105469 0.097222
48 0.775781 0.524306 0.098438 0.126389
48 0.673047 0.526389 0.107031 0.130556
48 0.568359 0.527083 0.102344 0.129167
48 0.434766 0.528472 0.105469 0.129167
48 0.279687 0.530556 0.107813 0.138889
48 0.171094 0.532639 0.109375 0.126389
48 0.067188 0.534722 0.098438 0.130556
49 0.777734 0.356250 0.102344 0.170833
49 0.659375 0.358333 0.107813 0.175000
49 0.548437 0.359028 0.100000 0.179167
49 0.436719 0.360417 0.106250 0.170833
49 0.317578 0.360417 0.111719 0.173611
49 0.204297 0.361806 0.103906 0.168056
49 0.091406 0.370833 0.115625 0.163889
49 0.455859 0.165972 0.108594 0.179167
49 0.344141 0.165972 0.103906 0.179167
49 0.222266 0.169444 0.108594 0.180556
49 0.100781 0.170139 0.117188 0.181944
10 0.792188 0.158333 0.092188 0.205556
10 0.679688 0.158333 0.104687 0.197222
9 0.563672 0.193750 0.108594 0.134722
50 0.762891 0.755556 0.105469 0.122222
