29 0.258203 0.071528 0.107031 0.137500
29 0.370313 0.070139 0.115625 0.140278
29 0.489062 0.071528 0.115625 0.143056
29 0.562891 0.072222 0.042969 0.136111
50 0.696094 0.109028 0.129688 0.070833
20 0.693359 0.049306 0.125781 0.065278
20 0.816406 0.052778 0.117188 0.075000
20 0.816797 0.109722 0.105469 0.066667
20 0.908984 0.052083 0.067969 0.084722
20 0.903125 0.111806 0.075000 0.081944
48 0.167187 0.250694 0.115625 0.126389
48 0.284766 0.252083 0.078906 0.123611
22 0.128125 0.454167 0.120312 0.133333
22 0.248437 0.452778 0.112500 0.122222
22 0.360938 0.450694 0.110937 0.129167
15 0.478516 0.420833 0.127344 0.186111
15 0.605469 0.421528 0.123438 0.179167
24 0.140625 0.594444 0.139062 0.150000
24 0.282813 0.591667 0.145313 0.141667
24 0.425781 0.593056 0.134375 0.152778
24 0.557422 0.591667 0.139844 0.152778
24 0.700000 0.603472 0.145313 0.131944
49 0.182812 0.843750 0.134375 0.190278
49 0.295312 0.790972 0.087500 0.168056
37 0.544531 0.845833 0.156250 0.250000
37 0.639063 0.781944 0.121875 0.197222
37 0.836328 0.847917 0.152344 0.240278
