37 0.585938 0.906250 0.104687 0.098611
37 0.593750 0.757639 0.107813 0.062500
43 0.644531 0.710417 0.048437 0.098611
43 0.693750 0.715972 0.050000 0.095833
43 0.735937 0.712500 0.029687 0.088889
43 0.780078 0.722917 0.053906 0.109722
43 0.833594 0.728472 0.045313 0.112500
43 0.766016 0.884722 0.061719 0.166667
43 0.841797 0.885417 0.088281 0.173611
43 0.853125 0.590972 0.070312 0.145833
7 0.604688 0.571528 0.057813 0.145833
7 0.667969 0.575694 0.062500 0.170833
7 0.729688 0.572917 0.059375 0.165278
7 0.786719 0.572917 0.054688 0.168056
5 0.560938 0.575000 0.032812 0.130556
29 0.182031 0.275694 0.048437 0.137500
29 0.235938 0.272222 0.057813 0.138889
29 0.287109 0.272222 0.044531 0.144444
20 0.360547 0.262500 0.071094 0.066667
20 0.364844 0.317361 0.075000 0.062500
20 0.427344 0.263889 0.053125 0.072222
20 0.425000 0.316667 0.050000 0.058333
48 0.143750 0.422222 0.056250 0.102778
48 0.194531 0.422222 0.037500 0.111111
48 0.291406 0.415278 0.048437 0.080556
48 0.341797 0.416667 0.047656 0.086111
22 0.123828 0.600694 0.053906 0.120833
22 0.175000 0.602778 0.048437 0.116667
22 0.225000 0.602083 0.046875 0.123611
15 0.274609 0.584028 0.055469 0.145833
15 0.333203 0.585417 0.058594 0.143056
24 0.128125 0.725000 0.064062 0.113889
24 0.190234 0.724306 0.060156 0.120833
24 0.249609 0.721528 0.057031 0.112500
24 0.309375 0.724306 0.056250 0.104167
24 0.369141 0.722917 0.058594 0.101389
39 0.597656 0.270139 0.043750 0.123611
39 0.646484 0.272222 0.049219 0.130556
39 0.759375 0.275000 0.057813 0.125000
39 0.818750 0.273611 0.065625 0.141667
37 0.699219 0.276389 0.056250 0.147222
51 0.869922 0.436111 0.061719 0.116667
51 0.785156 0.429167 0.056250 0.119444
19 0.601953 0.425694 0.039844 0.101389
19 0.636328 0.421528 0.033594 0.118056
19 0.678906 0.426389 0.042188 0.119444
19 0.727734 0.420833 0.046094 0.094444
19 0.561328 0.429861 0.036719 0.101389
