17 0.945703 0.168056 0.092969 0.169444
17 0.861328 0.177778 0.080469 0.150000
17 0.748047 0.169444 0.141406 0.166667
17 0.606250 0.167361 0.139062 0.173611
17 0.459766 0.165278 0.150781 0.180556
17 0.919141 0.909028 0.116406 0.179167
17 0.757812 0.902083 0.135937 0.168056
17 0.628125 0.899306 0.126563 0.168056
17 0.497656 0.903472 0.134375 0.176389
17 0.196094 0.900694 0.140625 0.176389
16 0.341797 0.904167 0.142969 0.191667
22 0.931250 0.550000 0.096875 0.119444
22 0.819531 0.547222 0.129688 0.122222
22 0.688281 0.548611 0.132812 0.125000
22 0.555469 0.547917 0.132812 0.126389
22 0.421875 0.543750 0.134375 0.118056
22 0.289844 0.541667 0.129688 0.122222
22 0.160156 0.540278 0.129688 0.119444
23 0.138281 0.159722 0.148438 0.183333
23 0.944141 0.381250 0.082031 0.159722
13 0.482422 0.391667 0.163281 0.141667
13 0.320703 0.386806 0.164844 0.126389
13 0.158594 0.391667 0.159375 0.136111
24 0.812891 0.395139 0.166406 0.129167
24 0.651563 0.393750 0.156250 0.126389
24 0.673828 0.680556 0.128906 0.130556
24 0.461719 0.685417 0.159375 0.126389
24 0.523828 0.680556 0.082031 0.119444
24 0.566406 0.677778 0.073437 0.113889
24 0.325391 0.685417 0.121094 0.126389
24 0.178516 0.678472 0.164844 0.123611
