15 0.110547 0.260417 0.102344 0.148611
15 0.226953 0.263889 0.103906 0.147222
15 0.341016 0.263889 0.102344 0.144444
15 0.461719 0.447222 0.129688 0.191667
15 0.607422 0.446528 0.142969 0.193056
15 0.768359 0.452083 0.133594 0.193056
15 0.911719 0.455556 0.151562 0.188889
6 0.311328 0.449306 0.124219 0.170833
6 0.167969 0.447917 0.139062 0.170833
15 0.839844 0.268750 0.098438 0.140278
3 0.615625 0.084028 0.107813 0.115278
3 0.490234 0.081944 0.135156 0.133333
1 0.902344 0.082639 0.137500 0.143056
1 0.753516 0.086111 0.133594 0.133333
37 0.352734 0.081944 0.130469 0.144444
37 0.214844 0.077083 0.134375 0.134722
37 0.085938 0.070833 0.104687 0.138889
9 0.908984 0.663194 0.114844 0.120833
10 0.770703 0.840278 0.125781 0.188889
10 0.601172 0.837500 0.142969 0.194444
48 0.310547 0.645833 0.121094 0.122222
48 0.200000 0.640972 0.093750 0.118056
48 0.095703 0.646528 0.096094 0.106944
45 0.648047 0.670833 0.138281 0.125000
51 0.790625 0.668056 0.128125 0.127778
51 0.523828 0.668750 0.111719 0.131944
46 0.389844 0.840972 0.110937 0.195833
46 0.264062 0.859028 0.150000 0.204167
50 0.916406 0.919444 0.145313 0.066667
50 0.912109 0.848611 0.136719 0.075000
