20 0.806250 0.230556 0.107813 0.063889
20 0.819531 0.291667 0.121875 0.061111
19 0.859766 0.058333 0.119531 0.116667
19 0.743750 0.053472 0.107813 0.104167
19 0.624219 0.052083 0.115625 0.101389
19 0.498047 0.047917 0.107031 0.093056
19 0.386328 0.048611 0.107031 0.097222
19 0.272656 0.060417 0.112500 0.087500
19 0.156641 0.052778 0.119531 0.094444
22 0.398828 0.266667 0.092969 0.113889
22 0.290234 0.266667 0.091406 0.113889
22 0.160547 0.263889 0.110156 0.125000
7 0.580469 0.231944 0.082813 0.161111
7 0.495313 0.234028 0.087500 0.165278
4 0.678125 0.234722 0.100000 0.175000
7 0.477734 0.430556 0.102344 0.172222
7 0.361328 0.421528 0.107031 0.162500
7 0.259375 0.424306 0.096875 0.168056
7 0.146094 0.429861 0.110937 0.179167
15 0.598828 0.646528 0.105469 0.179167
15 0.487500 0.650000 0.117188 0.186111
15 0.372656 0.635417 0.098438 0.162500
15 0.266797 0.647222 0.113281 0.186111
15 0.175000 0.634722 0.064062 0.155556
15 0.111328 0.650694 0.063281 0.187500
36 0.846094 0.666667 0.104687 0.183333
36 0.720703 0.639583 0.108594 0.156944
37 0.542578 0.846528 0.702344 0.095833
43 0.143750 0.908333 0.109375 0.172222
