51 0.691406 0.318750 0.095312 0.123611
51 0.552734 0.370833 0.133594 0.144444
51 0.424219 0.365972 0.120312 0.145833
51 0.300391 0.368750 0.127344 0.151389
51 0.171875 0.366667 0.129688 0.155556
48 0.500000 0.129167 0.118750 0.158333
45 0.860156 0.124306 0.137500 0.162500
45 0.737109 0.129167 0.111719 0.155556
45 0.247266 0.129167 0.094531 0.147222
45 0.342578 0.134028 0.092969 0.134722
11 0.384375 0.601389 0.123438 0.247222
11 0.260156 0.600694 0.125000 0.245833
11 0.176563 0.581944 0.107813 0.233333
49 0.523438 0.599306 0.118750 0.243056
49 0.788672 0.587500 0.132031 0.227778
49 0.721484 0.841667 0.135156 0.208333
49 0.186719 0.845139 0.100000 0.215278
