7 0.192188 0.869444 0.132812 0.191667
5 0.541406 0.863889 0.098438 0.166667
37 0.945703 0.686111 0.108594 0.122222
13 0.808594 0.680556 0.154687 0.130556
13 0.646484 0.679167 0.150781 0.127778
13 0.496875 0.684028 0.151562 0.126389
13 0.317969 0.677778 0.160938 0.122222
24 0.108594 0.685417 0.140625 0.134722
51 0.950000 0.536111 0.100000 0.111111
51 0.833594 0.542361 0.131250 0.109722
51 0.704297 0.547222 0.124219 0.102778
51 0.583203 0.543056 0.117969 0.111111
51 0.505078 0.545139 0.038281 0.115278
51 0.426172 0.545833 0.119531 0.113889
51 0.302734 0.545833 0.127344 0.113889
51 0.213281 0.547222 0.051562 0.111111
51 0.124219 0.547917 0.126563 0.112500
51 0.031641 0.542361 0.057031 0.118056
38 0.162891 0.384028 0.127344 0.162500
38 0.054688 0.385417 0.109375 0.162500
38 0.401563 0.209722 0.118750 0.152778
53 0.685547 0.381944 0.130469 0.186111
53 0.555078 0.382639 0.130469 0.187500
37 0.587109 0.206944 0.125781 0.141667
37 0.712500 0.202778 0.103125 0.147222
38 0.216406 0.206944 0.114063 0.158333
38 0.146484 0.209722 0.063281 0.163889
38 0.500391 0.209722 0.071094 0.152778
