39 0.057422 0.316667 0.100781 0.163889
39 0.173438 0.314583 0.125000 0.165278
53 0.565234 0.310417 0.139844 0.176389
53 0.697656 0.306250 0.123438 0.181944
24 0.128906 0.615278 0.154687 0.152778
24 0.333203 0.609028 0.166406 0.154167
24 0.503516 0.606250 0.138281 0.126389
24 0.651172 0.609028 0.157031 0.148611
24 0.789453 0.611806 0.128906 0.143056
37 0.941797 0.614583 0.113281 0.165278
51 0.040234 0.475694 0.075781 0.112500
51 0.087109 0.424306 0.005469 0.015278
51 0.140234 0.476389 0.125781 0.113889
51 0.311719 0.471528 0.126563 0.112500
51 0.441016 0.474306 0.122656 0.126389
51 0.592188 0.470139 0.118750 0.112500
51 0.713281 0.476389 0.128125 0.133333
51 0.835547 0.477778 0.117969 0.133333
51 0.944922 0.465972 0.110156 0.123611
7 0.207422 0.803472 0.114844 0.187500
7 0.341016 0.798611 0.097656 0.183333
7 0.088281 0.807639 0.121875 0.181944
5 0.552734 0.800000 0.100781 0.197222
