41 0.450781 0.738889 0.856250 0.047222
49 0.785547 0.859722 0.142969 0.172222
49 0.633984 0.853472 0.124219 0.159722
49 0.494141 0.853472 0.127344 0.162500
49 0.345313 0.839583 0.129688 0.151389
49 0.202734 0.844444 0.125781 0.155556
49 0.071484 0.854167 0.125781 0.158333
29 0.940234 0.606250 0.116406 0.145833
45 0.812109 0.624306 0.128906 0.118056
45 0.681250 0.624306 0.132812 0.118056
45 0.546875 0.628472 0.135937 0.109722
9 0.422656 0.619444 0.106250 0.119444
9 0.307813 0.618750 0.123438 0.118056
9 0.182812 0.622222 0.126563 0.111111
9 0.065625 0.624306 0.131250 0.115278
10 0.913672 0.410417 0.114844 0.143056
10 0.788672 0.409028 0.127344 0.151389
10 0.652734 0.407639 0.130469 0.143056
11 0.529297 0.417361 0.114844 0.140278
11 0.425781 0.416667 0.092188 0.138889
11 0.291797 0.413889 0.124219 0.136111
52 0.174609 0.417361 0.108594 0.134722
52 0.061719 0.417361 0.110937 0.143056
47 0.899609 0.265972 0.119531 0.120833
47 0.753516 0.270833 0.116406 0.122222
47 0.622656 0.264583 0.126563 0.118056
49 0.476172 0.264583 0.130469 0.129167
49 0.341406 0.264583 0.123438 0.129167
49 0.204688 0.260417 0.131250 0.129167
49 0.079687 0.264583 0.117188 0.131944
27 0.926172 0.126389 0.132031 0.097222
27 0.798437 0.127083 0.129688 0.098611
50 0.600000 0.149306 0.160938 0.043056
50 0.617578 0.109028 0.124219 0.045833
50 0.516406 0.105556 0.078125 0.038889
50 0.449219 0.149306 0.134375 0.043056
50 0.428516 0.105556 0.092969 0.044444
51 0.321094 0.127778 0.120312 0.094444
51 0.193359 0.127083 0.135156 0.093056
51 0.071094 0.125694 0.142188 0.095833
