10 0.862891 0.352778 0.105469 0.141667
10 0.740625 0.346528 0.121875 0.134722
10 0.611328 0.350694 0.116406 0.140278
9 0.394531 0.548611 0.095312 0.102778
9 0.288672 0.548611 0.116406 0.102778
9 0.166406 0.562500 0.128125 0.111111
9 0.055859 0.561111 0.092969 0.108333
11 0.500000 0.352778 0.095312 0.133333
11 0.408594 0.353472 0.087500 0.134722
11 0.277344 0.356944 0.115625 0.138889
52 0.160938 0.357639 0.106250 0.131944
52 0.059766 0.354861 0.096094 0.126389
45 0.752344 0.556944 0.115625 0.102778
45 0.632422 0.557639 0.124219 0.104167
45 0.507812 0.553472 0.125000 0.112500
29 0.873047 0.534722 0.094531 0.133333
49 0.728125 0.766667 0.117188 0.150000
49 0.594922 0.758333 0.102344 0.138889
49 0.465234 0.763194 0.117969 0.156944
49 0.326953 0.761111 0.119531 0.141667
49 0.197656 0.756944 0.100000 0.150000
49 0.074219 0.767361 0.115625 0.156944
49 0.452344 0.203472 0.115625 0.131944
49 0.321094 0.204861 0.115625 0.129167
49 0.193359 0.206250 0.121094 0.123611
49 0.078906 0.208333 0.107813 0.127778
47 0.847266 0.209722 0.125781 0.116667
47 0.711328 0.210417 0.091406 0.109722
47 0.585156 0.205556 0.126563 0.116667
50 0.571484 0.099306 0.147656 0.045833
50 0.427734 0.095833 0.130469 0.044444
50 0.408594 0.052778 0.092188 0.041667
50 0.494141 0.052778 0.078906 0.041667
51 0.304297 0.074306 0.110156 0.098611
51 0.185156 0.075694 0.128125 0.101389
51 0.063281 0.070833 0.115625 0.111111
