7 0.493359 0.433333 0.110156 0.152778
7 0.378516 0.433333 0.105469 0.155556
7 0.276172 0.436111 0.099219 0.161111
7 0.160547 0.444444 0.110156 0.163889
7 0.593359 0.239583 0.086719 0.151389
7 0.503516 0.240972 0.092969 0.154167
4 0.692969 0.243056 0.100000 0.172222
20 0.816016 0.241667 0.105469 0.072222
20 0.830078 0.307639 0.111719 0.062500
19 0.874219 0.076389 0.109375 0.138889
19 0.753516 0.068750 0.110156 0.118056
19 0.640234 0.069444 0.111719 0.119444
19 0.520312 0.070139 0.107813 0.118056
19 0.408203 0.070833 0.107031 0.125000
19 0.296484 0.070833 0.105469 0.119444
19 0.179688 0.069444 0.114063 0.119444
22 0.411719 0.271528 0.084375 0.106944
22 0.306250 0.277083 0.093750 0.120833
22 0.180469 0.278472 0.118750 0.120833
15 0.620313 0.658333 0.106250 0.169444
15 0.505859 0.659028 0.114844 0.170833
15 0.387109 0.647222 0.099219 0.152778
15 0.280078 0.661111 0.114844 0.180556
15 0.185547 0.645139 0.066406 0.151389
15 0.126563 0.656944 0.046875 0.166667
36 0.873828 0.678472 0.103906 0.193056
36 0.744922 0.656250 0.107031 0.179167
37 0.573438 0.868750 0.718750 0.118056
43 0.156641 0.913889 0.116406 0.147222
