15 0.906250 0.659028 0.137500 0.184722
15 0.767187 0.657639 0.140625 0.181944
15 0.616016 0.655556 0.144531 0.180556
15 0.473828 0.657639 0.139844 0.184722
15 0.326953 0.656944 0.146094 0.188889
15 0.178516 0.654167 0.150781 0.183333
15 0.908594 0.468056 0.140625 0.180556
15 0.769141 0.464583 0.138281 0.173611
15 0.617969 0.466667 0.143750 0.169444
15 0.463281 0.463194 0.143750 0.170833
15 0.319922 0.463194 0.142969 0.170833
15 0.172266 0.461111 0.133594 0.169444
15 0.910937 0.274306 0.145313 0.168056
15 0.908984 0.097222 0.125781 0.152778
15 0.764453 0.275000 0.136719 0.163889
15 0.781641 0.090972 0.121094 0.131944
15 0.616016 0.276389 0.150781 0.169444
15 0.473828 0.277083 0.133594 0.165278
15 0.318359 0.277083 0.136719 0.156944
15 0.183594 0.276389 0.132812 0.155556
15 0.658984 0.094444 0.116406 0.127778
15 0.534375 0.089583 0.120312 0.131944
1 0.398438 0.099306 0.142188 0.095833
1 0.254687 0.100694 0.145313 0.098611
1 0.110547 0.092361 0.136719 0.115278
36 0.937500 0.881944 0.120312 0.219444
36 0.794922 0.874306 0.160156 0.201389
36 0.632422 0.872222 0.158594 0.191667
36 0.480859 0.875000 0.155469 0.191667
36 0.334375 0.880556 0.137500 0.180556
36 0.195703 0.879861 0.139844 0.179167
36 0.079297 0.881250 0.092969 0.176389
