23 0.840234 0.116667 0.139844 0.177778
23 0.696094 0.114583 0.142188 0.181944
23 0.551953 0.117361 0.146094 0.187500
23 0.404687 0.120139 0.148438 0.181944
23 0.255078 0.122917 0.150781 0.187500
23 0.105859 0.121528 0.147656 0.190278
24 0.775391 0.290278 0.158594 0.119444
24 0.619531 0.286806 0.154687 0.126389
24 0.462891 0.283333 0.158594 0.133333
24 0.309375 0.282639 0.148438 0.131944
37 0.837109 0.445139 0.253906 0.129167
37 0.557031 0.436111 0.285937 0.113889
37 0.208203 0.452778 0.347656 0.125000
22 0.121484 0.612500 0.141406 0.113889
22 0.268359 0.707639 0.149219 0.145833
22 0.396484 0.606250 0.119531 0.131944
22 0.532031 0.609028 0.126563 0.131944
22 0.667578 0.611806 0.136719 0.140278
22 0.811719 0.606944 0.134375 0.141667
22 0.931250 0.606250 0.093750 0.137500
37 0.482812 0.801389 0.928125 0.183333
37 0.484766 0.943056 0.927344 0.091667
