46 0.798437 0.140278 0.075000 0.136111
46 0.723047 0.142361 0.075781 0.140278
46 0.862891 0.137500 0.053906 0.130556
49 0.651563 0.137500 0.068750 0.127778
49 0.578125 0.140972 0.078125 0.134722
49 0.497656 0.142361 0.082813 0.131944
49 0.418359 0.140972 0.075781 0.129167
49 0.336719 0.145833 0.078125 0.127778
49 0.257031 0.140278 0.065625 0.136111
49 0.185547 0.140972 0.069531 0.126389
49 0.112891 0.141667 0.066406 0.130556
49 0.829687 0.277083 0.076563 0.106944
49 0.753906 0.276389 0.070312 0.116667
49 0.682031 0.275694 0.071875 0.118056
49 0.593359 0.274306 0.085156 0.109722
50 0.311328 0.026389 0.066406 0.044444
50 0.242578 0.029167 0.064844 0.052778
50 0.169531 0.024306 0.075000 0.040278
45 0.810938 0.395833 0.071875 0.072222
45 0.736328 0.397917 0.088281 0.084722
3 0.827344 0.504167 0.071875 0.072222
3 0.765625 0.502083 0.048437 0.068056
3 0.696484 0.506944 0.088281 0.061111
3 0.610547 0.491667 0.067969 0.055556
12 0.616016 0.595833 0.064844 0.055556
12 0.547656 0.604167 0.090625 0.063889
12 0.463281 0.596528 0.068750 0.051389
12 0.306641 0.597222 0.033594 0.055556
13 0.167969 0.610417 0.089062 0.079167
51 0.276172 0.504861 0.066406 0.065278
51 0.205859 0.504861 0.071094 0.065278
51 0.133594 0.506250 0.071875 0.065278
48 0.628125 0.390278 0.075000 0.077778
48 0.507812 0.390972 0.070312 0.068056
