7 0.814453 0.321528 0.103906 0.148611
7 0.703516 0.327083 0.091406 0.165278
7 0.598047 0.315972 0.099219 0.154167
7 0.494531 0.314583 0.103125 0.162500
7 0.387500 0.310417 0.101562 0.159722
7 0.281250 0.310417 0.106250 0.156944
7 0.164844 0.306944 0.114063 0.161111
15 0.813281 0.498611 0.107813 0.169444
15 0.705469 0.497917 0.093750 0.159722
15 0.601562 0.493750 0.100000 0.162500
15 0.498437 0.496528 0.095312 0.165278
15 0.386719 0.487500 0.096875 0.158333
15 0.289844 0.488194 0.096875 0.156944
15 0.177344 0.487500 0.109375 0.155556
49 0.830078 0.762500 0.116406 0.183333
49 0.656641 0.780556 0.117969 0.186111
49 0.488281 0.780556 0.118750 0.186111
49 0.368359 0.782639 0.113281 0.190278
49 0.247656 0.783333 0.115625 0.191667
49 0.127734 0.788194 0.114844 0.181944
18 0.623438 0.105556 0.106250 0.119444
18 0.515234 0.106250 0.108594 0.106944
18 0.406641 0.098611 0.110156 0.119444
18 0.298438 0.098611 0.106250 0.119444
18 0.180859 0.101389 0.114844 0.116667
