19 0.167969 0.172917 0.114063 0.098611
19 0.305078 0.170139 0.150781 0.101389
19 0.447266 0.163889 0.132031 0.119444
19 0.609375 0.170833 0.160938 0.102778
19 0.724219 0.164583 0.092188 0.129167
19 0.844141 0.166667 0.136719 0.133333
19 0.950781 0.164583 0.079687 0.118056
21 0.167187 0.318750 0.162500 0.137500
21 0.326953 0.315278 0.158594 0.150000
21 0.505859 0.310417 0.160156 0.154167
20 0.825781 0.275000 0.145313 0.058333
20 0.831641 0.320139 0.136719 0.056944
20 0.832031 0.360417 0.142188 0.062500
20 0.949219 0.273611 0.082813 0.058333
20 0.941797 0.315972 0.083594 0.059722
20 0.946094 0.368056 0.082813 0.069444
12 0.168750 0.472917 0.151562 0.115278
12 0.328516 0.471528 0.164844 0.126389
12 0.487891 0.470833 0.155469 0.122222
12 0.649609 0.475694 0.161719 0.129167
12 0.783594 0.479167 0.106250 0.127778
12 0.913672 0.469444 0.149219 0.122222
5 0.660547 0.631944 0.164844 0.186111
5 0.848828 0.611111 0.125781 0.136111
5 0.958203 0.600000 0.067969 0.113889
7 0.159766 0.628472 0.139844 0.181944
7 0.308984 0.625000 0.158594 0.183333
7 0.478906 0.634722 0.181250 0.191667
7 0.138281 0.834722 0.159375 0.180556
7 0.304688 0.837500 0.171875 0.175000
7 0.482031 0.840972 0.175000 0.184722
10 0.631641 0.836111 0.105469 0.191667
10 0.759375 0.844444 0.151562 0.186111
10 0.913672 0.847222 0.149219 0.191667
32 0.672656 0.320139 0.167187 0.151389
