48 0.924219 0.906944 0.129688 0.163889
48 0.807813 0.898611 0.103125 0.147222
48 0.691406 0.911111 0.125000 0.150000
48 0.570703 0.907639 0.116406 0.143056
48 0.448047 0.900694 0.128906 0.156944
48 0.319141 0.911111 0.128906 0.177778
48 0.191406 0.912500 0.126563 0.158333
48 0.064844 0.914583 0.129688 0.162500
49 0.791406 0.715972 0.139062 0.209722
49 0.654297 0.714583 0.135156 0.206944
49 0.518750 0.718056 0.135937 0.200000
49 0.370313 0.719444 0.140625 0.202778
49 0.224609 0.712500 0.136719 0.208333
49 0.075000 0.720139 0.150000 0.198611
10 0.793359 0.497222 0.136719 0.222222
10 0.662891 0.501389 0.124219 0.230556
46 0.489844 0.492361 0.142188 0.226389
46 0.336328 0.502778 0.124219 0.219444
46 0.203906 0.503472 0.140625 0.220833
46 0.065234 0.500694 0.130469 0.231944
9 0.911719 0.295139 0.170312 0.143056
9 0.741797 0.293056 0.150781 0.141667
9 0.601172 0.299306 0.133594 0.137500
45 0.467969 0.303472 0.134375 0.143056
45 0.325781 0.295833 0.135937 0.136111
45 0.190234 0.300000 0.132031 0.138889
45 0.066016 0.300000 0.132031 0.133333
27 0.908984 0.145833 0.142969 0.119444
11 0.772266 0.120139 0.127344 0.195833
11 0.650000 0.117361 0.117188 0.190278
11 0.531641 0.119444 0.119531 0.186111
52 0.412891 0.121528 0.103906 0.184722
30 0.295703 0.122917 0.124219 0.181944
33 0.179297 0.117361 0.103906 0.181944
35 0.066797 0.112500 0.124219 0.197222
