51 0.321875 0.132639 0.120312 0.098611
51 0.196484 0.129167 0.130469 0.091667
51 0.066797 0.127778 0.128906 0.094444
50 0.605469 0.156250 0.160938 0.045833
50 0.455078 0.158333 0.139844 0.050000
50 0.622656 0.114583 0.125000 0.043056
50 0.519922 0.113889 0.080469 0.041667
50 0.432422 0.111111 0.094531 0.047222
27 0.936719 0.134722 0.123438 0.100000
27 0.799219 0.133333 0.126563 0.100000
49 0.476562 0.273611 0.121875 0.127778
49 0.343750 0.275000 0.118750 0.127778
49 0.202734 0.272917 0.125781 0.134722
49 0.079297 0.272917 0.121094 0.134722
47 0.898047 0.273611 0.122656 0.125000
47 0.759766 0.272917 0.103906 0.118056
47 0.616797 0.272222 0.135156 0.122222
10 0.919531 0.422917 0.112500 0.151389
10 0.785156 0.420833 0.128125 0.155556
10 0.653906 0.423611 0.128125 0.158333
11 0.523828 0.426389 0.116406 0.147222
11 0.428516 0.427778 0.094531 0.141667
11 0.283594 0.427083 0.117188 0.145833
52 0.166406 0.427778 0.110937 0.144444
52 0.056250 0.425694 0.109375 0.140278
29 0.934766 0.620139 0.125781 0.140278
45 0.805469 0.638889 0.129688 0.113889
45 0.672266 0.639583 0.136719 0.115278
45 0.536719 0.640278 0.134375 0.113889
9 0.414844 0.632639 0.106250 0.126389
9 0.299219 0.631250 0.125000 0.123611
9 0.170703 0.637500 0.132031 0.111111
9 0.056250 0.637500 0.112500 0.111111
49 0.772266 0.873611 0.136719 0.163889
49 0.628125 0.865972 0.128125 0.159722
49 0.480078 0.869444 0.132031 0.161111
49 0.328906 0.859028 0.128125 0.159722
49 0.189844 0.862500 0.125000 0.161111
49 0.062109 0.868056 0.124219 0.161111
41 0.467969 0.756944 0.879687 0.102778
