27 0.049609 0.195833 0.094531 0.147222
27 0.135547 0.199306 0.069531 0.145833
27 0.210156 0.197917 0.076563 0.143056
27 0.308594 0.198611 0.079687 0.141667
37 0.069141 0.111111 0.077344 0.041667
37 0.188281 0.110417 0.050000 0.034722
37 0.302734 0.117361 0.136719 0.040278
52 0.398828 0.172222 0.077344 0.186111
52 0.481250 0.170833 0.081250 0.191667
11 0.567969 0.168750 0.089062 0.187500
11 0.657422 0.175000 0.088281 0.200000
46 0.074219 0.388889 0.106250 0.202778
46 0.168359 0.391667 0.082031 0.211111
46 0.253516 0.387500 0.088281 0.211111
46 0.353516 0.390972 0.102344 0.215278
45 0.464844 0.421528 0.090625 0.151389
45 0.556641 0.423611 0.099219 0.163889
45 0.640234 0.414583 0.091406 0.156944
49 0.067188 0.639583 0.106250 0.206944
49 0.176172 0.639583 0.097656 0.218056
49 0.280859 0.635417 0.092969 0.218056
49 0.379687 0.645833 0.079687 0.219444
9 0.469141 0.672917 0.094531 0.159722
10 0.567187 0.635417 0.092188 0.226389
10 0.664453 0.637500 0.085156 0.227778
49 0.062500 0.858333 0.092188 0.172222
49 0.160156 0.850000 0.093750 0.202778
49 0.258984 0.847917 0.094531 0.206944
49 0.360547 0.848611 0.094531 0.216667
49 0.457422 0.868056 0.100781 0.200000
49 0.556250 0.854167 0.093750 0.186111
49 0.650391 0.866667 0.089844 0.194444
