19 0.074609 0.859722 0.149219 0.122222
19 0.073437 0.711806 0.146875 0.156944
19 0.236328 0.698611 0.164844 0.161111
19 0.411328 0.675000 0.149219 0.152778
19 0.414844 0.834028 0.168750 0.173611
19 0.233984 0.847222 0.166406 0.147222
26 0.687500 0.805556 0.142188 0.219444
12 0.917188 0.520833 0.145313 0.147222
12 0.777734 0.506250 0.125781 0.145833
12 0.632422 0.513889 0.157031 0.141667
12 0.468750 0.515972 0.156250 0.137500
12 0.328516 0.502778 0.127344 0.141667
2 0.926172 0.294444 0.083594 0.152778
2 0.824609 0.297917 0.119531 0.159722
2 0.695312 0.300694 0.125000 0.151389
2 0.569531 0.307639 0.126563 0.148611
2 0.451562 0.294444 0.114063 0.144444
2 0.318359 0.299306 0.119531 0.154167
2 0.194141 0.300000 0.128906 0.155556
20 0.816797 0.122917 0.138281 0.073611
20 0.816406 0.050694 0.135937 0.073611
20 0.618750 0.052778 0.160938 0.069444
20 0.621875 0.118750 0.157813 0.056944
20 0.460156 0.048611 0.156250 0.083333
20 0.462500 0.121528 0.145313 0.065278
20 0.305078 0.125694 0.152344 0.059722
20 0.305469 0.051389 0.148438 0.066667
