51 0.057031 0.124306 0.112500 0.109722
51 0.166016 0.121528 0.108594 0.115278
51 0.273828 0.124306 0.111719 0.123611
50 0.384766 0.148611 0.113281 0.061111
50 0.508984 0.142361 0.125781 0.059722
50 0.535547 0.097222 0.099219 0.058333
27 0.676562 0.122222 0.121875 0.102778
27 0.793359 0.126389 0.108594 0.108333
49 0.067969 0.273611 0.096875 0.138889
49 0.170703 0.272222 0.110156 0.147222
49 0.285156 0.272222 0.117188 0.147222
49 0.403906 0.270833 0.112500 0.136111
47 0.521484 0.281250 0.122656 0.140278
47 0.639453 0.276389 0.110156 0.130556
47 0.758203 0.281250 0.130469 0.140278
52 0.049219 0.433333 0.085938 0.152778
52 0.142188 0.432639 0.096875 0.162500
11 0.242188 0.429861 0.109375 0.154167
11 0.364844 0.433333 0.082813 0.158333
11 0.442969 0.433333 0.096875 0.155556
10 0.551562 0.430556 0.109375 0.155556
10 0.662109 0.431944 0.110156 0.161111
10 0.770703 0.435417 0.103906 0.159722
9 0.045313 0.662500 0.084375 0.127778
9 0.146484 0.660417 0.117969 0.129167
9 0.253516 0.660417 0.100781 0.131944
9 0.350000 0.656250 0.093750 0.129167
29 0.788281 0.647917 0.114063 0.156944
45 0.675000 0.661806 0.107813 0.123611
45 0.562891 0.659028 0.116406 0.126389
45 0.452344 0.650694 0.107813 0.151389
49 0.053516 0.903472 0.105469 0.179167
49 0.169531 0.900000 0.100000 0.186111
49 0.284375 0.899306 0.107813 0.181944
49 0.404297 0.897222 0.114844 0.183333
49 0.527344 0.895833 0.125000 0.191667
49 0.654297 0.899306 0.114844 0.190278
49 0.757422 0.895139 0.091406 0.198611
