48 0.655078 0.438194 0.080469 0.084722
48 0.523047 0.434028 0.078906 0.081944
48 0.451953 0.432639 0.060156 0.068056
49 0.869531 0.323611 0.082813 0.119444
49 0.788281 0.325000 0.079687 0.122222
49 0.705469 0.325000 0.085938 0.122222
49 0.607422 0.318056 0.083594 0.119444
49 0.666406 0.177083 0.076563 0.137500
49 0.587891 0.177778 0.082031 0.138889
49 0.501562 0.177778 0.081250 0.144444
49 0.418750 0.175694 0.084375 0.140278
49 0.336328 0.180556 0.080469 0.130556
49 0.242188 0.180556 0.073437 0.127778
49 0.168750 0.179861 0.073437 0.126389
49 0.091016 0.178472 0.080469 0.129167
50 0.303125 0.059722 0.065625 0.044444
50 0.232031 0.067361 0.067188 0.056944
50 0.153125 0.060417 0.073437 0.048611
48 0.706250 0.056250 0.081250 0.059722
48 0.621875 0.059028 0.087500 0.065278
48 0.539844 0.056944 0.076563 0.069444
48 0.461719 0.054861 0.079687 0.065278
48 0.382422 0.052778 0.078906 0.069444
46 0.748828 0.177778 0.078906 0.141667
46 0.830469 0.175000 0.078125 0.144444
45 0.772656 0.445833 0.090625 0.080556
45 0.848828 0.444444 0.075781 0.083333
3 0.867969 0.554861 0.081250 0.073611
3 0.796875 0.554861 0.060938 0.073611
3 0.721094 0.553472 0.090625 0.076389
3 0.636328 0.545833 0.078906 0.061111
51 0.552734 0.548611 0.072656 0.072222
51 0.341406 0.541667 0.071875 0.052778
51 0.264062 0.558333 0.078125 0.061111
51 0.185937 0.560417 0.078125 0.065278
51 0.107422 0.555556 0.078906 0.075000
12 0.636328 0.656944 0.063281 0.088889
12 0.566406 0.664583 0.084375 0.070833
12 0.474609 0.654861 0.077344 0.079167
12 0.394141 0.656944 0.086719 0.080556
13 0.149609 0.664583 0.092969 0.087500
12 0.237109 0.664583 0.074219 0.095833
12 0.294141 0.655556 0.042969 0.080556
