1 0.419141 0.112500 0.125781 0.108333
1 0.289453 0.111806 0.133594 0.106944
1 0.155078 0.111806 0.127344 0.106944
15 0.543750 0.102083 0.112500 0.126389
15 0.658984 0.100000 0.116406 0.116667
15 0.775000 0.097222 0.112500 0.127778
15 0.889844 0.100694 0.120312 0.126389
15 0.908203 0.266667 0.124219 0.155556
15 0.777344 0.275000 0.137500 0.172222
15 0.636328 0.277778 0.132031 0.158333
15 0.505078 0.279861 0.127344 0.165278
15 0.362891 0.273611 0.130469 0.166667
15 0.243750 0.279861 0.107813 0.154167
15 0.911719 0.459028 0.117188 0.181944
15 0.774219 0.460417 0.132812 0.170833
15 0.634766 0.461111 0.130469 0.172222
15 0.496094 0.464583 0.128125 0.184722
15 0.362109 0.452778 0.130469 0.172222
15 0.221094 0.462500 0.134375 0.183333
15 0.905859 0.651389 0.122656 0.175000
15 0.776172 0.649306 0.128906 0.170833
15 0.634766 0.644444 0.128906 0.172222
15 0.496484 0.650000 0.135156 0.163889
15 0.354297 0.647917 0.124219 0.165278
15 0.221875 0.650694 0.117188 0.156944
36 0.917969 0.869444 0.132812 0.202778
36 0.779688 0.865278 0.142188 0.202778
36 0.627734 0.860417 0.142969 0.195833
36 0.480078 0.860417 0.147656 0.195833
36 0.338672 0.865972 0.128906 0.176389
36 0.205469 0.868056 0.131250 0.161111
36 0.084766 0.872917 0.099219 0.162500
