10 0.625781 0.777083 0.106250 0.134722
10 0.751172 0.788889 0.130469 0.152778
10 0.896875 0.786111 0.137500 0.141667
49 0.492188 0.785417 0.148438 0.143056
49 0.309375 0.778472 0.126563 0.137500
49 0.174609 0.786806 0.152344 0.148611
7 0.475391 0.612500 0.138281 0.147222
7 0.309766 0.613194 0.155469 0.140278
7 0.158594 0.615972 0.128125 0.145833
5 0.933203 0.597917 0.089844 0.115278
5 0.816406 0.597222 0.112500 0.116667
5 0.649609 0.615278 0.157031 0.147222
12 0.903516 0.486111 0.160156 0.097222
12 0.765234 0.484028 0.114844 0.106944
12 0.626953 0.482639 0.157031 0.098611
12 0.468750 0.482639 0.159375 0.098611
12 0.308984 0.481944 0.158594 0.097222
12 0.150000 0.483333 0.159375 0.094444
37 0.935547 0.298611 0.122656 0.047222
37 0.934375 0.353472 0.110937 0.048611
37 0.936328 0.394444 0.103906 0.044444
37 0.800781 0.294444 0.150000 0.044444
37 0.804688 0.341667 0.145313 0.041667
37 0.807422 0.391667 0.144531 0.055556
21 0.489844 0.342361 0.151562 0.134722
21 0.294922 0.337500 0.144531 0.147222
21 0.144922 0.340972 0.155469 0.154167
19 0.946484 0.205556 0.100781 0.091667
19 0.824609 0.199306 0.142969 0.095833
19 0.707031 0.205556 0.085938 0.083333
19 0.586719 0.200694 0.154687 0.093056
19 0.405078 0.202778 0.141406 0.102778
19 0.250391 0.198611 0.157031 0.094444
19 0.110937 0.204861 0.126563 0.093056
32 0.651563 0.344444 0.157813 0.155556
