27 0.028125 0.134028 0.051562 0.126389
27 0.119141 0.131250 0.114844 0.123611
45 0.244922 0.126389 0.124219 0.116667
45 0.360547 0.125694 0.111719 0.129167
46 0.502344 0.111111 0.112500 0.147222
46 0.645703 0.106250 0.128906 0.156944
46 0.773047 0.108333 0.125781 0.169444
46 0.907031 0.110417 0.134375 0.176389
42 0.157031 0.797222 0.137500 0.225000
42 0.304297 0.799306 0.139844 0.226389
42 0.451562 0.792361 0.154687 0.234722
42 0.614844 0.790278 0.164062 0.236111
42 0.774219 0.809028 0.151562 0.198611
42 0.921094 0.799306 0.135937 0.193056
52 0.110156 0.296528 0.096875 0.170833
30 0.218359 0.288889 0.108594 0.169444
11 0.335156 0.292361 0.126563 0.176389
11 0.456641 0.290972 0.111719 0.198611
35 0.685156 0.297917 0.115625 0.165278
35 0.791406 0.288889 0.103125 0.177778
34 0.571094 0.296528 0.114063 0.181944
27 0.913281 0.327778 0.135937 0.127778
45 0.043750 0.481944 0.071875 0.155556
45 0.143750 0.477083 0.121875 0.156944
48 0.267578 0.486111 0.122656 0.163889
48 0.389844 0.482639 0.115625 0.154167
48 0.511328 0.494444 0.124219 0.147222
48 0.646484 0.495833 0.141406 0.147222
48 0.797266 0.490972 0.138281 0.143056
48 0.933984 0.497917 0.127344 0.143056
48 0.047656 0.620139 0.081250 0.137500
48 0.147266 0.614583 0.117969 0.143056
48 0.268359 0.622917 0.117969 0.123611
48 0.385547 0.625000 0.124219 0.122222
48 0.508203 0.620139 0.122656 0.143056
48 0.634766 0.634028 0.124219 0.123611
48 0.760938 0.636111 0.126563 0.136111
48 0.889063 0.631250 0.126563 0.143056
