12 0.541406 0.911111 0.145313 0.133333
12 0.399609 0.915278 0.138281 0.141667
12 0.258984 0.911806 0.138281 0.137500
12 0.121484 0.913194 0.136719 0.140278
13 0.733594 0.902083 0.157813 0.156944
23 0.903516 0.667361 0.096094 0.187500
23 0.787109 0.667361 0.133594 0.187500
23 0.650000 0.667361 0.132812 0.187500
23 0.509766 0.666667 0.117969 0.180556
23 0.382422 0.665972 0.130469 0.190278
23 0.244141 0.663889 0.127344 0.177778
23 0.558984 0.468056 0.100781 0.166667
23 0.666016 0.471528 0.105469 0.168056
23 0.898828 0.463889 0.105469 0.180556
23 0.439844 0.467361 0.121875 0.176389
24 0.501953 0.106250 0.155469 0.126389
24 0.344922 0.104861 0.152344 0.126389
24 0.179688 0.106250 0.159375 0.131944
17 0.217578 0.472917 0.135156 0.179167
22 0.908203 0.312500 0.092969 0.122222
22 0.796875 0.311111 0.129688 0.119444
22 0.669141 0.311111 0.125781 0.119444
22 0.539844 0.309028 0.132812 0.115278
22 0.408594 0.309722 0.125000 0.116667
22 0.280469 0.312500 0.131250 0.122222
22 0.150391 0.311806 0.127344 0.123611
22 0.903516 0.113889 0.108594 0.113889
22 0.782422 0.111111 0.133594 0.108333
22 0.650781 0.109722 0.129688 0.111111
