16 0.353125 0.266667 0.126563 0.225000
16 0.221484 0.268056 0.136719 0.227778
16 0.088281 0.266667 0.129688 0.230556
23 0.968750 0.280556 0.062500 0.186111
23 0.875781 0.286806 0.106250 0.195833
49 0.763281 0.288194 0.114063 0.198611
49 0.648047 0.286111 0.116406 0.194444
49 0.528125 0.286111 0.120312 0.194444
48 0.460938 0.575000 0.123438 0.172222
48 0.625000 0.575694 0.128125 0.168056
48 0.328516 0.579861 0.125781 0.165278
45 0.198047 0.579861 0.128906 0.173611
51 0.855469 0.577778 0.129688 0.163889
51 0.732031 0.580556 0.089062 0.166667
50 0.970312 0.525694 0.048437 0.073611
50 0.968359 0.615278 0.052344 0.094444
35 0.985156 0.893056 0.029687 0.161111
34 0.907812 0.870833 0.123438 0.213889
33 0.784766 0.870833 0.122656 0.219444
52 0.660156 0.867361 0.125000 0.229167
30 0.521094 0.875694 0.123438 0.195833
11 0.403516 0.860417 0.122656 0.218056
25 0.042969 0.868056 0.085938 0.216667
25 0.147266 0.868056 0.121094 0.213889
25 0.275391 0.861806 0.121094 0.220833
9 0.067578 0.581250 0.127344 0.159722
