46 0.946094 0.881250 0.107813 0.190278
46 0.816016 0.885417 0.124219 0.193056
46 0.677344 0.886806 0.121875 0.198611
28 0.554688 0.881250 0.120312 0.195833
28 0.434375 0.856250 0.114063 0.159722
28 0.324609 0.858333 0.107031 0.166667
28 0.183594 0.865278 0.129688 0.172222
28 0.059766 0.856250 0.119531 0.170833
25 0.942578 0.681944 0.105469 0.172222
25 0.884375 0.670833 0.039062 0.141667
25 0.803516 0.671528 0.105469 0.145833
37 0.706641 0.680556 0.092969 0.155556
37 0.612109 0.672222 0.089844 0.147222
37 0.528125 0.680556 0.098438 0.155556
37 0.426953 0.679861 0.100781 0.156944
8 0.299609 0.693056 0.113281 0.163889
8 0.195312 0.686111 0.092188 0.163889
8 0.096484 0.682639 0.107031 0.170833
37 0.887891 0.513889 0.102344 0.136111
37 0.797266 0.515278 0.078906 0.138889
37 0.693359 0.519444 0.116406 0.141667
52 0.577344 0.509028 0.110937 0.159722
52 0.467187 0.506944 0.109375 0.155556
30 0.350781 0.511111 0.112500 0.152778
30 0.237891 0.510417 0.113281 0.151389
26 0.118750 0.503472 0.115625 0.165278
26 0.034375 0.507639 0.053125 0.173611
33 0.962109 0.321528 0.072656 0.159722
33 0.853906 0.320833 0.109375 0.158333
34 0.744922 0.324306 0.107031 0.154167
35 0.633203 0.325694 0.114844 0.162500
27 0.521484 0.350694 0.103906 0.129167
37 0.406641 0.347917 0.119531 0.131944
38 0.288672 0.325000 0.103906 0.183333
38 0.186719 0.338194 0.090625 0.145833
38 0.049609 0.323611 0.083594 0.166667
11 0.084375 0.145139 0.117188 0.190278
11 0.199219 0.149306 0.076563 0.170833
11 0.299609 0.149306 0.113281 0.181944
11 0.396094 0.157639 0.081250 0.184722
