10 0.124609 0.834722 0.117969 0.194444
10 0.338672 0.789583 0.136719 0.195833
42 0.787109 0.835417 0.185156 0.245833
42 0.557422 0.794444 0.171094 0.202778
42 0.698047 0.786806 0.099219 0.176389
42 0.451172 0.775694 0.088281 0.170833
49 0.241016 0.472917 0.149219 0.168056
49 0.181641 0.293056 0.086719 0.130556
49 0.332031 0.300000 0.114063 0.127778
49 0.713672 0.127083 0.152344 0.148611
49 0.213672 0.126389 0.149219 0.163889
48 0.796484 0.637500 0.147656 0.133333
48 0.644922 0.631250 0.155469 0.120833
48 0.499609 0.609722 0.127344 0.113889
48 0.361328 0.617361 0.147656 0.118056
48 0.191797 0.638194 0.139844 0.123611
