22 0.079297 0.118750 0.150781 0.112500
22 0.237109 0.121528 0.146094 0.109722
22 0.435156 0.112500 0.139062 0.091667
22 0.539844 0.115278 0.065625 0.094444
22 0.714453 0.130556 0.086719 0.080556
12 0.093750 0.835417 0.156250 0.126389
13 0.256641 0.828472 0.161719 0.140278
13 0.428516 0.831944 0.180469 0.144444
13 0.654297 0.836111 0.171094 0.161111
13 0.876172 0.840972 0.164844 0.143056
24 0.131641 0.643750 0.163281 0.137500
24 0.296094 0.636806 0.150000 0.126389
24 0.456641 0.634028 0.146094 0.137500
24 0.624219 0.630556 0.142188 0.127778
24 0.814844 0.639583 0.156250 0.126389
24 0.110937 0.468750 0.165625 0.140278
24 0.276953 0.463194 0.153906 0.118056
24 0.605078 0.461111 0.130469 0.119444
24 0.736328 0.464583 0.128906 0.126389
17 0.088281 0.265972 0.157813 0.170833
17 0.226172 0.268750 0.116406 0.176389
17 0.357422 0.265278 0.144531 0.172222
16 0.512109 0.275000 0.149219 0.161111
16 0.655469 0.272222 0.137500 0.163889
16 0.809375 0.272222 0.121875 0.155556
16 0.951563 0.272917 0.060938 0.165278
