52 0.097656 0.162500 0.129688 0.155556
34 0.913672 0.161806 0.108594 0.156944
34 0.790625 0.162500 0.134375 0.155556
34 0.649219 0.165972 0.142188 0.151389
34 0.506641 0.162500 0.142969 0.158333
48 0.889453 0.354167 0.153906 0.111111
48 0.732422 0.354167 0.160156 0.111111
11 0.555078 0.338889 0.141406 0.163889
11 0.409766 0.335417 0.146094 0.159722
27 0.243750 0.359028 0.159375 0.115278
27 0.098438 0.365972 0.129688 0.104167
50 0.918359 0.494444 0.096094 0.086111
50 0.808203 0.493056 0.117969 0.072222
50 0.674609 0.497222 0.149219 0.063889
50 0.511719 0.500694 0.145313 0.070833
50 0.354688 0.495833 0.167187 0.058333
50 0.215234 0.500000 0.111719 0.066667
50 0.097656 0.498611 0.123438 0.069444
19 0.913672 0.659722 0.099219 0.122222
19 0.782812 0.647917 0.157813 0.115278
22 0.669531 0.645833 0.073437 0.116667
22 0.548828 0.656944 0.161719 0.111111
22 0.366406 0.647917 0.157813 0.104167
36 0.213281 0.639583 0.146875 0.156944
36 0.087500 0.641667 0.104687 0.161111
16 0.753906 0.892361 0.171875 0.204167
15 0.576953 0.894444 0.180469 0.211111
15 0.394922 0.890278 0.163281 0.213889
15 0.083594 0.877083 0.107813 0.198611
