15 0.131641 0.194444 0.103906 0.138889
15 0.040625 0.195833 0.078125 0.141667
15 0.511328 0.180556 0.135156 0.177778
15 0.645703 0.170139 0.132031 0.179167
15 0.778125 0.174306 0.125000 0.170833
15 0.938672 0.172917 0.122656 0.173611
15 0.916406 0.361806 0.132812 0.173611
15 0.774219 0.362500 0.126563 0.175000
15 0.650000 0.361111 0.121875 0.172222
15 0.505469 0.373611 0.118750 0.177778
15 0.379687 0.371528 0.132812 0.173611
15 0.246094 0.368056 0.134375 0.180556
15 0.124219 0.367361 0.109375 0.179167
15 0.261719 0.542361 0.121875 0.170833
15 0.388672 0.540278 0.119531 0.166667
15 0.514844 0.544444 0.126563 0.166667
15 0.646094 0.539583 0.117188 0.162500
15 0.788281 0.534722 0.110937 0.169444
15 0.920313 0.543056 0.120312 0.169444
36 0.916406 0.713889 0.121875 0.155556
36 0.791797 0.717361 0.116406 0.143056
36 0.672266 0.714583 0.114844 0.140278
36 0.532031 0.716667 0.134375 0.169444
36 0.411719 0.710417 0.106250 0.156944
36 0.292188 0.710417 0.132812 0.156944
36 0.169922 0.712500 0.111719 0.161111
4 0.080859 0.715278 0.063281 0.158333
3 0.255469 0.894444 0.139062 0.130556
3 0.119141 0.898611 0.128906 0.125000
1 0.391797 0.892361 0.127344 0.123611
1 0.526953 0.892361 0.128906 0.129167
14 0.378906 0.204861 0.126563 0.120833
14 0.251953 0.204861 0.127344 0.120833
