1 0.518750 0.846528 0.126563 0.137500
1 0.385156 0.850000 0.121875 0.127778
15 0.057422 0.161111 0.071094 0.133333
15 0.146094 0.145833 0.098438 0.150000
15 0.498047 0.148611 0.136719 0.169444
15 0.633203 0.137500 0.130469 0.158333
15 0.761328 0.134028 0.111719 0.165278
15 0.901563 0.142361 0.115625 0.179167
15 0.139453 0.331250 0.102344 0.145833
15 0.249609 0.327083 0.119531 0.151389
15 0.375391 0.325000 0.135156 0.152778
15 0.505078 0.325694 0.128906 0.159722
15 0.639453 0.324306 0.128906 0.159722
15 0.762109 0.326389 0.110156 0.150000
15 0.894922 0.321528 0.125781 0.162500
15 0.265625 0.496528 0.120312 0.162500
15 0.385938 0.493750 0.123438 0.159722
15 0.508984 0.491667 0.124219 0.161111
15 0.630469 0.488194 0.121875 0.170833
15 0.771094 0.488194 0.112500 0.159722
15 0.903516 0.489583 0.114844 0.170833
7 0.128125 0.497222 0.115625 0.166667
4 0.088672 0.658333 0.082031 0.161111
3 0.114063 0.857639 0.137500 0.148611
3 0.248828 0.850694 0.136719 0.151389
36 0.182812 0.659028 0.104687 0.159722
36 0.296875 0.661806 0.120312 0.168056
36 0.410156 0.663889 0.106250 0.169444
36 0.530078 0.667361 0.135156 0.165278
36 0.674609 0.665972 0.113281 0.145833
36 0.789453 0.665278 0.117969 0.147222
36 0.906641 0.670139 0.122656 0.159722
14 0.258594 0.168056 0.123438 0.108333
14 0.374219 0.166667 0.117188 0.113889
