22 0.924219 0.090278 0.081250 0.119444
22 0.812500 0.093056 0.132812 0.116667
22 0.681250 0.093056 0.129688 0.116667
22 0.933203 0.290278 0.064844 0.119444
22 0.832031 0.290278 0.126563 0.113889
22 0.702734 0.290972 0.122656 0.112500
22 0.573047 0.294444 0.130469 0.116667
22 0.443359 0.300000 0.122656 0.119444
22 0.313281 0.295139 0.132812 0.115278
22 0.185547 0.297222 0.122656 0.111111
23 0.946484 0.448611 0.038281 0.177778
23 0.647656 0.436111 0.104687 0.166667
23 0.489844 0.447222 0.125000 0.163889
23 0.373828 0.455556 0.094531 0.169444
23 0.930859 0.650694 0.075781 0.190278
23 0.829687 0.648611 0.126563 0.186111
23 0.694531 0.649306 0.143750 0.184722
23 0.555469 0.647917 0.134375 0.181944
23 0.421484 0.647917 0.133594 0.181944
23 0.285156 0.647222 0.139062 0.180556
17 0.257812 0.447222 0.129688 0.183333
12 0.565625 0.893750 0.143750 0.143056
12 0.422656 0.896528 0.142188 0.148611
12 0.282422 0.896528 0.138281 0.148611
12 0.148047 0.891667 0.130469 0.138889
13 0.764453 0.885417 0.166406 0.159722
24 0.537500 0.089583 0.151562 0.126389
24 0.378516 0.092361 0.155469 0.129167
24 0.210938 0.091667 0.157813 0.119444
