17 0.923828 0.124306 0.124219 0.181944
17 0.792188 0.122917 0.125000 0.170833
17 0.670313 0.118750 0.117188 0.170833
17 0.546094 0.119444 0.128125 0.180556
17 0.417969 0.119444 0.120312 0.180556
17 0.288281 0.123611 0.126563 0.180556
16 0.158984 0.120139 0.114844 0.168056
24 0.921484 0.338194 0.130469 0.148611
24 0.772266 0.338194 0.138281 0.134722
24 0.635547 0.334028 0.127344 0.137500
24 0.486719 0.337500 0.140625 0.136111
24 0.344141 0.339583 0.135156 0.131944
24 0.205078 0.337500 0.133594 0.127778
12 0.151953 0.539583 0.117969 0.126389
12 0.272656 0.540972 0.123438 0.123611
12 0.398047 0.543056 0.125781 0.113889
12 0.524609 0.546528 0.128906 0.120833
19 0.106250 0.350000 0.059375 0.119444
19 0.198437 0.738889 0.123438 0.130556
19 0.319141 0.737500 0.114844 0.138889
19 0.441406 0.728472 0.121875 0.129167
19 0.564844 0.731250 0.117188 0.134722
19 0.685547 0.733333 0.116406 0.133333
19 0.802734 0.729167 0.119531 0.144444
19 0.926953 0.732639 0.114844 0.143056
13 0.915625 0.523611 0.132812 0.152778
13 0.787109 0.512500 0.116406 0.141667
13 0.659766 0.526389 0.128906 0.141667
37 0.222656 0.440972 0.246875 0.054167
37 0.239063 0.636806 0.312500 0.056944
37 0.543750 0.634722 0.292188 0.041667
37 0.837500 0.634722 0.292188 0.044444
37 0.532812 0.866667 0.907812 0.111111
