37 0.789844 0.731250 0.271875 0.084722
5 0.834375 0.591667 0.096875 0.147222
5 0.757422 0.592361 0.128906 0.162500
5 0.622656 0.593056 0.132812 0.163889
5 0.483984 0.594444 0.124219 0.158333
5 0.351562 0.593750 0.134375 0.156944
5 0.198047 0.589583 0.132031 0.143056
5 0.098828 0.586806 0.071094 0.154167
7 0.842188 0.438194 0.125000 0.151389
7 0.714063 0.432639 0.131250 0.140278
7 0.583594 0.430556 0.129688 0.144444
7 0.455859 0.432639 0.125781 0.148611
7 0.325000 0.431250 0.117188 0.148611
7 0.192578 0.426389 0.122656 0.147222
7 0.081641 0.422917 0.083594 0.145833
20 0.443750 0.265278 0.117188 0.061111
20 0.445312 0.311111 0.125000 0.041667
20 0.314063 0.309028 0.125000 0.037500
20 0.311719 0.263889 0.120312 0.052778
20 0.158984 0.262500 0.130469 0.052778
20 0.158203 0.309028 0.114844 0.056944
19 0.870703 0.133333 0.130469 0.097222
19 0.727344 0.126389 0.120312 0.100000
19 0.601562 0.125694 0.129688 0.087500
19 0.473828 0.125000 0.125781 0.086111
19 0.350391 0.118056 0.121094 0.100000
19 0.216016 0.118750 0.116406 0.090278
19 0.089453 0.117361 0.103906 0.106944
21 0.839063 0.263889 0.114063 0.138889
21 0.697266 0.263889 0.108594 0.147222
21 0.572656 0.264583 0.132812 0.148611
16 0.336719 0.759722 0.135937 0.161111
16 0.202344 0.760417 0.132812 0.159722
16 0.087500 0.759722 0.096875 0.158333
