10 0.138672 0.856250 0.102344 0.179167
10 0.252344 0.836111 0.110937 0.166667
10 0.390625 0.849306 0.120312 0.181944
10 0.661328 0.829861 0.116406 0.181944
10 0.838281 0.854861 0.117188 0.195833
46 0.862891 0.139583 0.117969 0.168056
46 0.745703 0.139583 0.114844 0.156944
46 0.617969 0.140278 0.121875 0.163889
46 0.496484 0.137500 0.121094 0.158333
48 0.912109 0.495833 0.100781 0.125000
48 0.795313 0.500694 0.132812 0.134722
48 0.625781 0.491667 0.096875 0.130556
48 0.507812 0.501389 0.137500 0.133333
48 0.402734 0.499306 0.072656 0.137500
48 0.293359 0.506250 0.146094 0.131944
