19 0.880469 0.125000 0.126563 0.130556
19 0.738281 0.115278 0.123438 0.138889
19 0.610156 0.110417 0.121875 0.118056
19 0.478516 0.102083 0.130469 0.118056
19 0.349219 0.103472 0.118750 0.120833
19 0.210547 0.103472 0.122656 0.112500
19 0.081250 0.099306 0.118750 0.118056
20 0.447656 0.354861 0.123438 0.062500
20 0.444141 0.291667 0.116406 0.063889
20 0.314453 0.292361 0.125781 0.076389
20 0.314453 0.359028 0.119531 0.056944
20 0.157031 0.288889 0.129688 0.069444
20 0.153906 0.353472 0.120312 0.059722
21 0.579687 0.291667 0.134375 0.186111
21 0.706641 0.288194 0.113281 0.187500
21 0.849219 0.286806 0.123438 0.181944
7 0.069531 0.500000 0.092188 0.194444
7 0.191797 0.504167 0.130469 0.194444
7 0.324609 0.502778 0.124219 0.183333
7 0.457031 0.504861 0.123438 0.195833
7 0.592578 0.504861 0.125781 0.181944
7 0.725000 0.504861 0.129688 0.195833
7 0.855859 0.514583 0.135156 0.198611
5 0.773047 0.727083 0.132031 0.204167
5 0.639063 0.724306 0.131250 0.198611
5 0.490234 0.723611 0.130469 0.202778
5 0.354297 0.720833 0.138281 0.205556
5 0.197266 0.715278 0.132031 0.183333
5 0.107813 0.712500 0.101562 0.205556
37 0.810547 0.904861 0.299219 0.118056
