12 0.067969 0.784722 0.135937 0.111111
12 0.216797 0.787500 0.158594 0.116667
12 0.380078 0.790972 0.160156 0.112500
12 0.543359 0.788194 0.160156 0.123611
13 0.763672 0.781250 0.199219 0.140278
23 0.856250 0.584028 0.148438 0.154167
23 0.700781 0.579167 0.154687 0.158333
23 0.542188 0.582639 0.145313 0.148611
23 0.390625 0.586806 0.150000 0.154167
23 0.231641 0.593056 0.152344 0.152778
23 0.351172 0.421528 0.124219 0.154167
23 0.488281 0.427083 0.142188 0.156944
24 0.535547 0.120139 0.172656 0.104167
24 0.352344 0.119444 0.182812 0.105556
24 0.162109 0.115972 0.177344 0.109722
17 0.203906 0.422222 0.159375 0.158333
22 0.861719 0.290972 0.137500 0.104167
22 0.714844 0.290972 0.142188 0.104167
22 0.567578 0.293056 0.147656 0.094444
22 0.417188 0.292361 0.143750 0.098611
22 0.271094 0.294444 0.148438 0.105556
22 0.128516 0.297222 0.141406 0.102778
22 0.848047 0.120833 0.147656 0.094444
22 0.698828 0.122222 0.150781 0.097222
