1 0.306641 0.156250 0.114844 0.140278
1 0.421875 0.154861 0.114063 0.148611
50 0.184766 0.186806 0.128906 0.095833
51 0.534766 0.149306 0.105469 0.170833
22 0.646484 0.144444 0.113281 0.163889
19 0.763281 0.148611 0.112500 0.158333
19 0.878906 0.155556 0.106250 0.158333
51 0.373828 0.838889 0.117969 0.138889
51 0.488672 0.840278 0.110156 0.122222
51 0.607031 0.833333 0.115625 0.116667
48 0.722266 0.833333 0.107031 0.116667
48 0.831250 0.834722 0.096875 0.122222
22 0.138281 0.834722 0.117188 0.136111
22 0.257031 0.831250 0.117188 0.126389
24 0.452734 0.611111 0.146094 0.180556
24 0.363281 0.552083 0.109375 0.065278
15 0.539062 0.365972 0.114063 0.195833
15 0.657812 0.364583 0.118750 0.181944
36 0.771484 0.362500 0.102344 0.177778
36 0.886328 0.368056 0.125781 0.188889
7 0.167969 0.370139 0.126563 0.195833
7 0.297266 0.368056 0.132031 0.191667
51 0.585547 0.614583 0.117969 0.176389
51 0.719531 0.613889 0.142188 0.188889
51 0.859375 0.610417 0.129688 0.193056
