49 0.175781 0.807639 0.126563 0.201389
49 0.766016 0.811111 0.146094 0.213889
49 0.828125 0.565972 0.143750 0.220833
49 0.542578 0.569444 0.155469 0.213889
11 0.399219 0.570139 0.129688 0.237500
11 0.264453 0.572222 0.125781 0.230556
11 0.172656 0.558333 0.114063 0.225000
51 0.702734 0.302778 0.102344 0.127778
51 0.579687 0.340972 0.135937 0.165278
51 0.441797 0.338889 0.136719 0.155556
51 0.303125 0.340972 0.140625 0.151389
51 0.160938 0.349306 0.143750 0.148611
48 0.505078 0.109722 0.130469 0.147222
45 0.894141 0.111806 0.139844 0.159722
45 0.757812 0.109028 0.129688 0.148611
45 0.637891 0.115972 0.110156 0.140278
45 0.218359 0.118056 0.108594 0.136111
45 0.325000 0.109722 0.100000 0.147222
