10 0.059375 0.136806 0.093750 0.159722
10 0.153125 0.139583 0.076563 0.151389
10 0.260938 0.131944 0.095312 0.163889
10 0.345703 0.138889 0.072656 0.180556
9 0.426953 0.165278 0.077344 0.113889
9 0.491016 0.186806 0.044531 0.079167
9 0.562891 0.161111 0.080469 0.113889
9 0.638672 0.163194 0.069531 0.118056
9 0.698828 0.174306 0.044531 0.095833
9 0.748047 0.171528 0.047656 0.098611
9 0.818750 0.170833 0.087500 0.111111
27 0.919922 0.161806 0.094531 0.123611
19 0.046484 0.903472 0.083594 0.129167
19 0.135547 0.896528 0.082031 0.104167
19 0.220313 0.894444 0.075000 0.111111
19 0.305859 0.898611 0.092969 0.133333
19 0.391797 0.888194 0.071094 0.098611
19 0.469141 0.884722 0.077344 0.116667
19 0.595312 0.876389 0.064062 0.072222
19 0.678125 0.879861 0.078125 0.079167
19 0.762500 0.885417 0.067188 0.081944
19 0.843750 0.889583 0.076563 0.093056
24 0.208984 0.723611 0.102344 0.133333
24 0.336328 0.711806 0.075781 0.109722
24 0.435156 0.720139 0.096875 0.134722
22 0.530859 0.723611 0.086719 0.138889
22 0.613281 0.724306 0.078125 0.137500
22 0.728906 0.725000 0.079687 0.147222
22 0.785156 0.710417 0.042188 0.126389
22 0.835547 0.699306 0.058594 0.109722
22 0.905469 0.698611 0.075000 0.111111
4 0.060156 0.534722 0.079687 0.147222
44 0.234766 0.539583 0.080469 0.140278
44 0.317187 0.535417 0.075000 0.145833
44 0.408984 0.538889 0.075781 0.141667
36 0.526563 0.542361 0.075000 0.137500
36 0.604297 0.530556 0.069531 0.125000
36 0.677734 0.528472 0.061719 0.118056
1 0.828906 0.538194 0.101562 0.131944
1 0.928516 0.540972 0.092969 0.140278
30 0.774609 0.345139 0.078906 0.173611
30 0.834375 0.354861 0.048437 0.165278
33 0.164844 0.343750 0.076563 0.176389
34 0.030469 0.334722 0.039062 0.172222
35 0.091797 0.337500 0.074219 0.169444
7 0.578516 0.347917 0.077344 0.170833
7 0.647656 0.348611 0.065625 0.172222
11 0.366797 0.345833 0.075781 0.169444
11 0.442578 0.347222 0.075781 0.172222
