49 0.802344 0.824306 0.134375 0.226389
49 0.662891 0.820833 0.132031 0.233333
49 0.517969 0.824306 0.131250 0.234722
49 0.370313 0.821528 0.139062 0.229167
49 0.221094 0.822917 0.142188 0.226389
49 0.075000 0.823611 0.150000 0.227778
10 0.934375 0.563194 0.126563 0.229167
10 0.801562 0.563889 0.128125 0.244444
10 0.667578 0.568056 0.133594 0.236111
9 0.931250 0.343750 0.126563 0.148611
9 0.737891 0.345833 0.127344 0.150000
9 0.598828 0.345833 0.127344 0.155556
46 0.489453 0.569444 0.132031 0.250000
46 0.337891 0.573611 0.130469 0.244444
46 0.200391 0.572917 0.125781 0.251389
46 0.079687 0.567361 0.159375 0.240278
45 0.469141 0.348611 0.132031 0.161111
45 0.325000 0.349306 0.137500 0.154167
45 0.188281 0.350000 0.131250 0.152778
45 0.059766 0.350000 0.117969 0.158333
27 0.905469 0.174306 0.128125 0.151389
11 0.769141 0.150694 0.121094 0.195833
11 0.651563 0.152083 0.114063 0.198611
11 0.534375 0.147917 0.120312 0.206944
52 0.416797 0.151389 0.105469 0.205556
30 0.307422 0.154861 0.119531 0.190278
33 0.189844 0.140278 0.117188 0.213889
35 0.064844 0.145833 0.129688 0.211111
