48 0.451172 0.120139 0.141406 0.109722
45 0.882031 0.122917 0.156250 0.120833
45 0.729688 0.116667 0.148438 0.108333
45 0.590234 0.118750 0.130469 0.104167
45 0.337891 0.119444 0.083594 0.100000
45 0.235156 0.118750 0.121875 0.101389
45 0.116016 0.125694 0.121094 0.087500
51 0.659766 0.256250 0.099219 0.109722
51 0.535547 0.271528 0.152344 0.120833
51 0.387891 0.275694 0.144531 0.120833
51 0.240234 0.275000 0.150781 0.122222
51 0.090234 0.275694 0.150781 0.112500
11 0.346484 0.434028 0.141406 0.168056
11 0.203125 0.436111 0.140625 0.158333
11 0.094141 0.427778 0.121094 0.161111
49 0.816797 0.435417 0.149219 0.162500
49 0.519922 0.436806 0.128906 0.165278
49 0.115234 0.597917 0.127344 0.145833
49 0.751562 0.598611 0.162500 0.147222
45 0.641406 0.786111 0.143750 0.180556
45 0.282031 0.761111 0.118750 0.152778
23 0.439844 0.828472 0.162500 0.195833
