10 0.669141 0.177083 0.094531 0.254167
10 0.575000 0.177778 0.096875 0.244444
22 0.075000 0.188194 0.071875 0.218056
22 0.888281 0.865278 0.085938 0.188889
22 0.807813 0.875000 0.093750 0.180556
22 0.724609 0.865972 0.067969 0.184722
22 0.704687 0.536111 0.087500 0.150000
22 0.617969 0.525000 0.095312 0.169444
22 0.523047 0.519444 0.086719 0.175000
22 0.431641 0.516667 0.100781 0.175000
17 0.159766 0.178472 0.096094 0.251389
17 0.383594 0.181944 0.098438 0.213889
17 0.260547 0.170139 0.096094 0.229167
17 0.476953 0.189583 0.089844 0.218056
20 0.326172 0.560417 0.102344 0.087500
20 0.335938 0.474306 0.085938 0.073611
19 0.224609 0.519444 0.100781 0.186111
19 0.124609 0.524306 0.100781 0.170833
19 0.053906 0.518056 0.040625 0.183333
12 0.798437 0.526389 0.095312 0.169444
12 0.890234 0.524306 0.075781 0.176389
23 0.882031 0.168056 0.084375 0.261111
37 0.642578 0.859722 0.082031 0.258333
37 0.562891 0.852778 0.075781 0.272222
37 0.500000 0.852778 0.050000 0.255556
37 0.452734 0.859722 0.083594 0.263889
36 0.132422 0.862500 0.082031 0.261111
36 0.054297 0.843056 0.066406 0.300000
37 0.380859 0.854861 0.067969 0.256944
37 0.286719 0.863889 0.090625 0.269444
37 0.206641 0.861806 0.064844 0.259722
41 0.358594 0.681944 0.545313 0.050000
