46 0.511328 0.293056 0.072656 0.180556
46 0.436719 0.295833 0.076563 0.186111
46 0.357812 0.291667 0.075000 0.175000
46 0.282422 0.296528 0.075781 0.184722
45 0.769922 0.321528 0.069531 0.134722
45 0.696484 0.322917 0.077344 0.137500
45 0.619141 0.328472 0.077344 0.126389
48 0.791016 0.890278 0.066406 0.108333
48 0.718359 0.898611 0.078906 0.125000
48 0.641016 0.895833 0.075781 0.130556
48 0.539844 0.896528 0.076563 0.123611
48 0.425781 0.895139 0.079687 0.129167
48 0.348047 0.898611 0.078906 0.127778
48 0.270312 0.895139 0.076563 0.134722
49 0.792969 0.727778 0.075000 0.166667
49 0.711719 0.729167 0.087500 0.169444
49 0.625000 0.726389 0.085938 0.175000
49 0.539844 0.728472 0.084375 0.179167
49 0.448047 0.725694 0.080469 0.176389
49 0.366016 0.727083 0.077344 0.179167
49 0.284375 0.730556 0.085938 0.172222
49 0.285937 0.523611 0.089062 0.194444
49 0.378516 0.520833 0.083594 0.200000
49 0.464453 0.525000 0.071094 0.200000
49 0.546484 0.521528 0.083594 0.198611
10 0.800000 0.516667 0.075000 0.200000
10 0.717969 0.519444 0.087500 0.202778
9 0.632031 0.550000 0.079687 0.152778
11 0.784375 0.094444 0.081250 0.175000
52 0.626172 0.090972 0.072656 0.173611
52 0.557031 0.093750 0.067188 0.176389
11 0.703516 0.094444 0.078906 0.180556
27 0.485547 0.121528 0.074219 0.123611
27 0.408594 0.123611 0.079687 0.127778
27 0.334766 0.121528 0.067969 0.131944
27 0.259375 0.122917 0.082813 0.134722
37 0.378516 0.029167 0.288281 0.058333
