39 0.243359 0.248611 0.111719 0.133333
39 0.360547 0.243056 0.121094 0.144444
39 0.637891 0.248611 0.124219 0.133333
39 0.773047 0.252083 0.133594 0.120833
37 0.483594 0.248611 0.131250 0.133333
43 0.504297 0.691667 0.130469 0.097222
43 0.610547 0.693056 0.077344 0.100000
43 0.722266 0.702778 0.142969 0.127778
43 0.852734 0.704167 0.116406 0.116667
43 0.887500 0.564583 0.176563 0.145833
43 0.894531 0.884028 0.210938 0.198611
43 0.711719 0.870139 0.165625 0.179167
43 0.387891 0.685417 0.113281 0.090278
7 0.278906 0.541667 0.137500 0.147222
7 0.439063 0.542361 0.150000 0.170833
7 0.596094 0.548611 0.132812 0.163889
7 0.729297 0.551389 0.133594 0.158333
5 0.167969 0.542361 0.084375 0.145833
37 0.263281 0.900694 0.295312 0.118056
37 0.267969 0.725694 0.293750 0.068056
19 0.166016 0.404861 0.080469 0.106944
19 0.260547 0.403472 0.110156 0.104167
19 0.351953 0.400694 0.075781 0.109722
19 0.450000 0.402083 0.117188 0.106944
19 0.577344 0.404167 0.121875 0.102778
51 0.705859 0.405556 0.122656 0.105556
51 0.805469 0.404167 0.075000 0.108333
51 0.917188 0.404167 0.150000 0.119444
