9 0.280078 0.661111 0.128906 0.113889
48 0.920703 0.922222 0.150781 0.122222
48 0.924609 0.802778 0.150781 0.119444
48 0.760547 0.799306 0.163281 0.115278
48 0.759766 0.913889 0.155469 0.102778
48 0.596094 0.795833 0.157813 0.108333
48 0.600000 0.917361 0.153125 0.115278
51 0.451953 0.792361 0.128906 0.106944
51 0.350391 0.902083 0.160156 0.118056
51 0.269141 0.786111 0.074219 0.080556
46 0.188672 0.861806 0.136719 0.162500
45 0.139453 0.658333 0.147656 0.105556
48 0.588672 0.663889 0.157031 0.116667
48 0.429297 0.661806 0.158594 0.104167
50 0.922656 0.693056 0.140625 0.050000
50 0.925000 0.632639 0.129688 0.045833
50 0.773828 0.628472 0.164844 0.056944
50 0.771094 0.684028 0.153125 0.056944
14 0.909766 0.539583 0.161719 0.112500
14 0.739062 0.540972 0.176563 0.098611
14 0.574609 0.542361 0.152344 0.101389
14 0.422656 0.542361 0.150000 0.101389
14 0.271875 0.548611 0.145313 0.102778
14 0.118750 0.544444 0.160938 0.111111
15 0.934375 0.383333 0.107813 0.150000
15 0.802344 0.383333 0.160938 0.150000
15 0.623828 0.382639 0.153906 0.143056
15 0.465625 0.382639 0.151562 0.148611
15 0.218359 0.388889 0.136719 0.130556
15 0.078516 0.392361 0.142969 0.137500
15 0.157422 0.210417 0.127344 0.148611
15 0.366797 0.204861 0.142969 0.151389
15 0.485547 0.209722 0.091406 0.141667
15 0.607813 0.212500 0.148438 0.161111
