48 0.150000 0.167361 0.059375 0.093056
48 0.211719 0.170139 0.059375 0.093056
48 0.272266 0.171528 0.060156 0.101389
48 0.328125 0.168750 0.054688 0.090278
48 0.385547 0.170833 0.057031 0.094444
48 0.443750 0.165278 0.054688 0.102778
9 0.513672 0.166667 0.064844 0.097222
9 0.573828 0.161806 0.066406 0.104167
9 0.634375 0.166667 0.051562 0.100000
51 0.691016 0.171528 0.061719 0.095833
51 0.751562 0.169444 0.056250 0.094444
51 0.803906 0.168750 0.054688 0.095833
51 0.850000 0.168750 0.042188 0.090278
33 0.424219 0.295833 0.050000 0.127778
33 0.370703 0.297917 0.050781 0.126389
35 0.266406 0.295833 0.050000 0.122222
35 0.318750 0.298611 0.051562 0.133333
52 0.163281 0.300000 0.056250 0.119444
52 0.216016 0.297222 0.044531 0.122222
30 0.574609 0.298611 0.055469 0.119444
30 0.629687 0.297917 0.053125 0.123611
37 0.635156 0.452083 0.065625 0.118056
37 0.698438 0.451389 0.056250 0.116667
37 0.424219 0.447917 0.050000 0.118056
37 0.371094 0.448611 0.053125 0.119444
37 0.319141 0.447917 0.050781 0.112500
29 0.167187 0.448611 0.057813 0.108333
29 0.219922 0.450000 0.050781 0.113889
29 0.269141 0.447917 0.047656 0.118056
17 0.683203 0.722917 0.072656 0.198611
17 0.757812 0.722222 0.075000 0.208333
49 0.172266 0.735417 0.075781 0.190278
49 0.246875 0.738889 0.065625 0.197222
49 0.319531 0.741667 0.071875 0.200000
49 0.393750 0.727083 0.078125 0.181944
49 0.465625 0.728472 0.065625 0.209722
37 0.110937 0.697917 0.067188 0.193056
41 0.423438 0.589583 0.381250 0.081944
