37 0.364062 0.837500 0.114063 0.158333
37 0.291797 0.819444 0.091406 0.175000
2 0.172266 0.817361 0.150781 0.181944
2 0.480078 0.829861 0.117969 0.156944
42 0.682813 0.812500 0.106250 0.180556
19 0.353516 0.646528 0.086719 0.093056
19 0.108203 0.640278 0.086719 0.094444
22 0.558984 0.520139 0.085156 0.115278
22 0.644531 0.511111 0.081250 0.105556
22 0.753906 0.509722 0.082813 0.108333
24 0.393359 0.507639 0.086719 0.095833
24 0.260156 0.516667 0.096875 0.097222
37 0.864844 0.371528 0.092188 0.106944
36 0.576172 0.381944 0.074219 0.116667
44 0.455469 0.374306 0.078125 0.115278
44 0.362891 0.373611 0.075781 0.119444
44 0.288281 0.366667 0.073437 0.111111
30 0.863281 0.226389 0.051562 0.138889
30 0.802734 0.229167 0.069531 0.144444
7 0.710156 0.215972 0.065625 0.123611
7 0.637891 0.212500 0.078906 0.116667
11 0.507031 0.209028 0.054688 0.140278
11 0.412891 0.227083 0.083594 0.137500
52 0.291016 0.218056 0.066406 0.163889
33 0.218359 0.228472 0.074219 0.140278
35 0.139844 0.228472 0.079687 0.145833
34 0.064062 0.222917 0.070312 0.151389
27 0.931250 0.086111 0.087500 0.097222
9 0.810547 0.093056 0.088281 0.086111
9 0.675391 0.093750 0.072656 0.084722
9 0.597266 0.096528 0.083594 0.090278
9 0.470703 0.079167 0.078906 0.116667
10 0.300000 0.078472 0.085938 0.123611
4 0.136328 0.372222 0.064844 0.105556
