39 0.097266 0.102778 0.072656 0.158333
39 0.164062 0.104861 0.065625 0.154167
39 0.227734 0.116667 0.057031 0.163889
39 0.292969 0.104861 0.076563 0.151389
39 0.362109 0.108333 0.064844 0.152778
37 0.432422 0.111806 0.067969 0.145833
35 0.564844 0.113889 0.062500 0.141667
37 0.624219 0.113889 0.056250 0.163889
48 0.099609 0.418750 0.072656 0.129167
48 0.174609 0.416667 0.074219 0.138889
48 0.246484 0.412500 0.071094 0.127778
48 0.315625 0.411111 0.067188 0.113889
48 0.405078 0.404167 0.080469 0.127778
48 0.482031 0.415972 0.073437 0.112500
48 0.551953 0.413194 0.069531 0.112500
48 0.617969 0.413889 0.064062 0.111111
49 0.108594 0.266667 0.085938 0.127778
49 0.196484 0.268750 0.066406 0.165278
49 0.271094 0.284722 0.068750 0.150000
49 0.471875 0.272917 0.090625 0.154167
49 0.548828 0.277778 0.072656 0.155556
18 0.096875 0.542361 0.079687 0.143056
18 0.173047 0.534028 0.077344 0.134722
18 0.247266 0.527778 0.067969 0.116667
18 0.313672 0.531944 0.072656 0.119444
18 0.386719 0.524306 0.075000 0.115278
18 0.450781 0.527083 0.065625 0.109722
12 0.530469 0.541667 0.084375 0.125000
12 0.607031 0.534722 0.068750 0.127778
19 0.089844 0.797917 0.062500 0.145833
19 0.103906 0.675000 0.067188 0.116667
19 0.169141 0.799306 0.069531 0.145833
19 0.241406 0.805556 0.070312 0.158333
19 0.250781 0.636111 0.065625 0.080556
19 0.188281 0.645833 0.062500 0.091667
20 0.325000 0.829861 0.087500 0.084722
20 0.392578 0.806944 0.066406 0.072222
20 0.391016 0.740278 0.074219 0.075000
20 0.314844 0.740278 0.076563 0.088889
36 0.475391 0.763889 0.066406 0.183333
36 0.546484 0.766667 0.072656 0.197222
36 0.621484 0.775694 0.077344 0.184722
