52 0.932422 0.117361 0.057031 0.143056
52 0.831250 0.114583 0.131250 0.148611
30 0.292188 0.130556 0.139062 0.122222
44 0.928906 0.285417 0.062500 0.129167
44 0.825781 0.286806 0.142188 0.134722
44 0.681250 0.286111 0.150000 0.133333
44 0.545313 0.290972 0.134375 0.148611
44 0.413281 0.286111 0.128125 0.125000
44 0.282422 0.281250 0.127344 0.126389
48 0.938672 0.420139 0.055469 0.090278
48 0.833984 0.420139 0.152344 0.093056
48 0.691797 0.420833 0.141406 0.072222
9 0.541797 0.420139 0.152344 0.081944
9 0.345313 0.418750 0.171875 0.079167
4 0.871875 0.544444 0.123438 0.161111
4 0.729297 0.545139 0.150781 0.159722
4 0.542969 0.556944 0.123438 0.136111
4 0.420703 0.555556 0.119531 0.144444
4 0.314063 0.554167 0.098438 0.147222
7 0.542188 0.759028 0.165625 0.181944
7 0.392578 0.754861 0.133594 0.173611
7 0.237109 0.759028 0.171094 0.179167
5 0.714453 0.765972 0.174219 0.156944
5 0.910937 0.763194 0.137500 0.156944
