20 0.924609 0.055556 0.124219 0.066667
20 0.928125 0.115278 0.115625 0.038889
20 0.924609 0.163194 0.119531 0.048611
20 0.790234 0.161806 0.149219 0.051389
20 0.783594 0.111806 0.135937 0.048611
20 0.782812 0.056944 0.137500 0.061111
20 0.661328 0.055556 0.105469 0.058333
20 0.661328 0.109722 0.105469 0.050000
20 0.661719 0.164583 0.104687 0.054167
20 0.507812 0.161806 0.114063 0.034722
20 0.507812 0.122917 0.114063 0.043056
20 0.505469 0.069444 0.118750 0.063889
20 0.382812 0.113194 0.131250 0.056944
20 0.380469 0.158333 0.128125 0.041667
20 0.251172 0.054861 0.133594 0.065278
20 0.249219 0.111806 0.129688 0.048611
20 0.245703 0.161806 0.136719 0.048611
20 0.111328 0.051389 0.130469 0.055556
20 0.110937 0.108333 0.134375 0.055556
20 0.110937 0.161806 0.129688 0.051389
19 0.768750 0.314583 0.120312 0.104167
19 0.643750 0.313194 0.129688 0.101389
19 0.519531 0.316667 0.118750 0.094444
19 0.389844 0.318750 0.140625 0.098611
19 0.252734 0.316667 0.133594 0.102778
19 0.118750 0.318750 0.134375 0.106944
37 0.656250 0.249306 0.134375 0.026389
37 0.502344 0.244444 0.185937 0.025000
37 0.237500 0.251389 0.343750 0.038889
19 0.911328 0.840972 0.146094 0.126389
19 0.765625 0.843750 0.140625 0.143056
19 0.612500 0.840972 0.142188 0.123611
19 0.462500 0.845139 0.153125 0.131944
19 0.312109 0.851389 0.146094 0.127778
19 0.161719 0.858333 0.145313 0.141667
5 0.927734 0.630556 0.116406 0.163889
5 0.802734 0.628472 0.130469 0.168056
5 0.672266 0.629861 0.130469 0.170833
5 0.543359 0.633333 0.125781 0.166667
5 0.398438 0.631250 0.129688 0.165278
5 0.260156 0.634028 0.143750 0.168056
5 0.116406 0.629861 0.129688 0.170833
6 0.916797 0.459722 0.132031 0.141667
6 0.787891 0.454861 0.119531 0.145833
7 0.656641 0.461111 0.135156 0.150000
7 0.519531 0.458333 0.128125 0.161111
7 0.386719 0.452083 0.128125 0.168056
7 0.243750 0.454861 0.137500 0.162500
7 0.113281 0.454167 0.123438 0.161111
