46 0.057813 0.131250 0.101562 0.168056
46 0.171484 0.125694 0.121094 0.168056
46 0.298047 0.123611 0.122656 0.175000
46 0.421484 0.126389 0.117969 0.183333
45 0.544922 0.167361 0.125781 0.115278
45 0.664062 0.165278 0.112500 0.113889
45 0.779297 0.161111 0.121094 0.119444
45 0.898828 0.163194 0.125781 0.126389
47 0.020312 0.313194 0.040625 0.131944
47 0.128906 0.312500 0.096875 0.133333
33 0.263672 0.311111 0.097656 0.138889
33 0.375781 0.312500 0.109375 0.152778
52 0.483203 0.306944 0.100781 0.155556
30 0.589844 0.309722 0.103125 0.152778
27 0.700391 0.328472 0.121094 0.106944
50 0.766016 0.472917 0.121094 0.076389
50 0.766797 0.425694 0.124219 0.065278
50 0.889453 0.424306 0.113281 0.076389
50 0.890234 0.484028 0.121094 0.076389
51 0.650000 0.459028 0.110937 0.120833
37 0.042969 0.625694 0.085938 0.131944
19 0.157422 0.620833 0.132031 0.144444
19 0.272656 0.615972 0.112500 0.154167
19 0.393359 0.609028 0.119531 0.148611
19 0.514844 0.614583 0.123438 0.140278
19 0.678906 0.600694 0.123438 0.156944
20 0.871875 0.600000 0.132812 0.077778
20 0.878906 0.656250 0.146875 0.068056
37 0.910937 0.788194 0.128125 0.190278
36 0.760156 0.786111 0.140625 0.188889
5 0.155859 0.775000 0.099219 0.172222
5 0.270703 0.781944 0.122656 0.166667
5 0.402344 0.777778 0.121875 0.177778
5 0.527734 0.769444 0.124219 0.200000
