45 0.130469 0.099306 0.114063 0.098611
45 0.243359 0.102778 0.108594 0.097222
45 0.336328 0.101389 0.071094 0.108333
45 0.581641 0.103472 0.125781 0.106944
45 0.707422 0.092361 0.122656 0.118056
45 0.853125 0.095139 0.145313 0.126389
45 0.440625 0.090278 0.137500 0.127778
51 0.652734 0.279861 0.116406 0.109722
51 0.514844 0.274306 0.143750 0.118056
51 0.373437 0.275000 0.142188 0.125000
51 0.231250 0.271528 0.137500 0.123611
51 0.087891 0.272917 0.149219 0.126389
11 0.090234 0.439583 0.092969 0.165278
11 0.201562 0.443056 0.131250 0.169444
11 0.334375 0.443750 0.132812 0.173611
49 0.485938 0.448611 0.137500 0.163889
49 0.618750 0.445139 0.112500 0.168056
49 0.771094 0.445139 0.146875 0.154167
49 0.708594 0.615278 0.151562 0.169444
49 0.120312 0.619444 0.117188 0.158333
49 0.400391 0.620139 0.125781 0.156944
46 0.837500 0.845139 0.137500 0.170833
46 0.602734 0.831944 0.125781 0.186111
46 0.281250 0.804861 0.107813 0.156944
23 0.415234 0.839583 0.167969 0.229167
