24 0.517187 0.160417 0.170312 0.106944
24 0.328906 0.159028 0.181250 0.104167
24 0.138281 0.153472 0.190625 0.101389
22 0.676172 0.163889 0.144531 0.091667
22 0.821875 0.163194 0.143750 0.090278
22 0.850000 0.327083 0.148438 0.093056
22 0.699609 0.321528 0.147656 0.093056
22 0.551953 0.324306 0.141406 0.087500
22 0.410156 0.324306 0.140625 0.090278
22 0.271875 0.324306 0.135937 0.090278
22 0.114063 0.327083 0.146875 0.090278
17 0.200391 0.447222 0.157031 0.136111
23 0.487891 0.448611 0.144531 0.130556
23 0.343359 0.444444 0.122656 0.155556
23 0.855859 0.602778 0.144531 0.150000
23 0.704687 0.605556 0.153125 0.138889
23 0.544141 0.596528 0.141406 0.151389
23 0.391406 0.605556 0.156250 0.144444
23 0.235156 0.605556 0.151562 0.144444
12 0.546094 0.802083 0.165625 0.095833
12 0.384375 0.809722 0.157813 0.111111
12 0.223438 0.807639 0.164062 0.115278
12 0.072656 0.807639 0.145313 0.115278
13 0.764063 0.798611 0.192188 0.141667
