27 0.946484 0.117361 0.078906 0.087500
9 0.864844 0.115278 0.081250 0.091667
9 0.762500 0.118750 0.054688 0.070833
9 0.696484 0.122917 0.077344 0.079167
9 0.617578 0.120139 0.080469 0.084722
9 0.487109 0.111806 0.074219 0.101389
10 0.403906 0.094444 0.085938 0.127778
10 0.315625 0.092361 0.090625 0.123611
10 0.223047 0.090972 0.094531 0.126389
10 0.121484 0.092361 0.108594 0.129167
30 0.891406 0.259028 0.054688 0.126389
30 0.830078 0.254167 0.067969 0.116667
7 0.737109 0.238889 0.069531 0.125000
7 0.668359 0.239583 0.067969 0.126389
11 0.596484 0.250000 0.069531 0.130556
11 0.515625 0.256944 0.092188 0.144444
11 0.429297 0.263194 0.080469 0.131944
52 0.303516 0.247917 0.067969 0.131944
33 0.230078 0.245833 0.072656 0.127778
35 0.149219 0.246528 0.081250 0.129167
34 0.069922 0.240972 0.074219 0.143056
1 0.958594 0.388194 0.051562 0.101389
1 0.887500 0.385417 0.084375 0.106944
1 0.814062 0.388889 0.060938 0.094444
36 0.749609 0.389583 0.064844 0.104167
36 0.676953 0.385417 0.080469 0.095833
36 0.597656 0.387500 0.070312 0.100000
44 0.475000 0.386111 0.076563 0.102778
44 0.373828 0.374306 0.075781 0.129167
44 0.298438 0.388889 0.071875 0.108333
24 0.408594 0.509028 0.081250 0.098611
24 0.274609 0.511111 0.099219 0.108333
22 0.773438 0.515278 0.085938 0.097222
22 0.660547 0.520139 0.082031 0.104167
22 0.577734 0.520139 0.083594 0.104167
19 0.892969 0.625000 0.075000 0.072222
19 0.813672 0.625694 0.078906 0.073611
19 0.534766 0.634028 0.075781 0.076389
19 0.367188 0.647222 0.085938 0.094444
19 0.292578 0.636111 0.069531 0.080556
19 0.213672 0.639583 0.088281 0.081944
19 0.124219 0.638889 0.090625 0.083333
2 0.182812 0.803472 0.151562 0.170833
2 0.491016 0.821528 0.122656 0.140278
37 0.375391 0.820139 0.110156 0.145833
37 0.294141 0.808333 0.072656 0.169444
41 0.882422 0.756944 0.208594 0.069444
