50 0.602734 0.104167 0.161719 0.061111
50 0.451953 0.108333 0.136719 0.061111
50 0.439453 0.042361 0.097656 0.073611
50 0.531641 0.045139 0.077344 0.073611
50 0.630859 0.043056 0.113281 0.072222
51 0.319922 0.072222 0.124219 0.130556
51 0.191406 0.072917 0.132812 0.131944
51 0.062109 0.069444 0.124219 0.130556
49 0.482812 0.252778 0.120312 0.175000
49 0.206641 0.254167 0.135156 0.180556
49 0.079687 0.259722 0.118750 0.191667
49 0.349609 0.249306 0.116406 0.165278
47 0.900781 0.253472 0.137500 0.156944
47 0.758984 0.256944 0.105469 0.166667
47 0.620703 0.259028 0.141406 0.162500
45 0.809766 0.738194 0.127344 0.168056
45 0.675781 0.742361 0.139062 0.159722
45 0.540625 0.740278 0.126563 0.169444
41 0.464063 0.897917 0.892187 0.134722
52 0.173828 0.463889 0.113281 0.191667
52 0.063281 0.463194 0.109375 0.204167
11 0.290234 0.456250 0.116406 0.190278
11 0.442578 0.446528 0.088281 0.176389
11 0.529688 0.454167 0.117188 0.188889
9 0.421484 0.724306 0.094531 0.159722
9 0.306250 0.736111 0.121875 0.155556
9 0.177344 0.746528 0.131250 0.162500
9 0.078516 0.738889 0.157031 0.166667
10 0.926172 0.454861 0.117969 0.209722
10 0.795313 0.452083 0.143750 0.204167
10 0.663281 0.455556 0.120312 0.197222
