40 0.714844 0.902778 0.131250 0.186111
40 0.581250 0.898611 0.123438 0.188889
40 0.466406 0.895139 0.106250 0.181944
40 0.349609 0.899306 0.117969 0.179167
40 0.228125 0.890278 0.125000 0.161111
40 0.125391 0.888889 0.080469 0.163889
40 0.061328 0.900000 0.122656 0.186111
8 0.968750 0.698611 0.054688 0.180556
8 0.884375 0.696528 0.123438 0.181944
8 0.762891 0.696528 0.119531 0.181944
25 0.646484 0.701389 0.108594 0.183333
25 0.532031 0.704861 0.120312 0.190278
25 0.202344 0.691667 0.104687 0.166667
25 0.104297 0.687500 0.094531 0.175000
25 0.286719 0.702083 0.112500 0.181944
25 0.405469 0.702778 0.121875 0.186111
0 0.621094 0.511806 0.132812 0.168056
0 0.483594 0.511806 0.125000 0.176389
0 0.348437 0.511806 0.123438 0.165278
0 0.215625 0.509028 0.128125 0.168056
0 0.079297 0.507639 0.133594 0.165278
26 0.909375 0.509722 0.090625 0.155556
38 0.938281 0.311111 0.104687 0.175000
37 0.774609 0.315972 0.117969 0.156944
37 0.656250 0.313194 0.110937 0.170833
37 0.558984 0.325694 0.091406 0.162500
37 0.454688 0.324306 0.117188 0.159722
37 0.337500 0.326389 0.115625 0.147222
37 0.207813 0.314583 0.112500 0.148611
37 0.083594 0.316667 0.117188 0.152778
53 0.950781 0.131944 0.073437 0.172222
53 0.861719 0.137500 0.093750 0.155556
53 0.750391 0.140972 0.128906 0.162500
53 0.630469 0.146528 0.110937 0.151389
53 0.515234 0.152083 0.119531 0.162500
53 0.402344 0.148611 0.106250 0.169444
