46 0.387109 0.894444 0.117969 0.186111
50 0.916406 0.890278 0.148438 0.080556
50 0.920313 0.963889 0.140625 0.063889
10 0.775781 0.891667 0.132812 0.180556
10 0.603906 0.897917 0.146875 0.187500
9 0.911719 0.729861 0.112500 0.112500
51 0.788672 0.730556 0.130469 0.119444
51 0.521875 0.734722 0.121875 0.122222
45 0.653125 0.732639 0.135937 0.126389
45 0.425391 0.724306 0.064844 0.106944
48 0.286328 0.725000 0.127344 0.122222
48 0.173438 0.720139 0.098438 0.112500
48 0.075781 0.725694 0.096875 0.101389
15 0.912500 0.526389 0.146875 0.177778
15 0.762891 0.523611 0.141406 0.166667
15 0.611328 0.524306 0.136719 0.179167
15 0.459375 0.521528 0.135937 0.162500
15 0.315625 0.363889 0.118750 0.125000
15 0.189844 0.365278 0.114063 0.130556
15 0.077734 0.361111 0.102344 0.133333
6 0.305859 0.529861 0.128906 0.168056
6 0.156250 0.527778 0.140625 0.166667
37 0.342969 0.188889 0.139062 0.119444
37 0.198047 0.189583 0.150781 0.120833
37 0.069531 0.186806 0.106250 0.126389
3 0.483594 0.190972 0.140625 0.134722
3 0.614453 0.196528 0.116406 0.112500
1 0.751562 0.184028 0.132812 0.115278
1 0.898828 0.184722 0.138281 0.119444
