20 0.155859 0.161111 0.125781 0.047222
20 0.155859 0.206250 0.125781 0.040278
20 0.157031 0.246528 0.125000 0.051389
20 0.289844 0.243750 0.134375 0.045833
20 0.430078 0.162500 0.086719 0.047222
20 0.421484 0.203472 0.122656 0.056944
20 0.423047 0.242361 0.113281 0.054167
20 0.532422 0.168056 0.100781 0.050000
20 0.535547 0.205556 0.099219 0.047222
20 0.534375 0.248611 0.101562 0.041667
20 0.663672 0.163194 0.114844 0.037500
20 0.659766 0.201389 0.110156 0.044444
20 0.659766 0.244444 0.108594 0.055556
20 0.780859 0.158333 0.111719 0.036111
20 0.783203 0.207639 0.119531 0.043056
20 0.782812 0.254167 0.126563 0.044444
20 0.923828 0.163889 0.096094 0.047222
20 0.916797 0.207639 0.100781 0.040278
20 0.912891 0.245833 0.096094 0.052778
19 0.155078 0.370833 0.122656 0.088889
19 0.283984 0.380556 0.121094 0.105556
19 0.412891 0.375694 0.114844 0.101389
19 0.528516 0.365278 0.119531 0.102778
19 0.656641 0.371528 0.103906 0.098611
19 0.774609 0.377778 0.110156 0.100000
19 0.902344 0.360417 0.120312 0.140278
7 0.148047 0.497917 0.110156 0.131944
7 0.273047 0.499306 0.132031 0.137500
7 0.401953 0.484722 0.133594 0.163889
7 0.533594 0.498611 0.115625 0.141667
7 0.658594 0.503472 0.126563 0.131944
7 0.786719 0.497222 0.120312 0.127778
7 0.907812 0.500000 0.109375 0.133333
5 0.152734 0.634028 0.119531 0.140278
5 0.278906 0.643056 0.126563 0.138889
5 0.411719 0.648611 0.135937 0.136111
5 0.544531 0.638889 0.121875 0.138889
5 0.674609 0.652083 0.121094 0.134722
5 0.797656 0.643750 0.118750 0.137500
5 0.913672 0.647917 0.113281 0.148611
19 0.070312 0.828472 0.131250 0.123611
19 0.202344 0.820833 0.125000 0.119444
19 0.334766 0.826389 0.127344 0.138889
19 0.469531 0.827083 0.132812 0.118056
19 0.606250 0.826389 0.142188 0.130556
19 0.755859 0.827083 0.135156 0.134722
19 0.894141 0.824306 0.133594 0.129167
