10 0.147266 0.108333 0.125781 0.180556
10 0.284766 0.099306 0.138281 0.176389
10 0.426562 0.092361 0.125000 0.176389
10 0.555859 0.095833 0.110156 0.180556
10 0.623438 0.097222 0.054688 0.166667
11 0.709766 0.106250 0.116406 0.193056
44 0.828906 0.098611 0.121875 0.197222
52 0.950000 0.109722 0.095312 0.166667
47 0.095312 0.302083 0.115625 0.156944
49 0.380859 0.309028 0.133594 0.187500
49 0.519922 0.298611 0.125781 0.175000
49 0.684766 0.290278 0.124219 0.175000
49 0.814844 0.295139 0.114063 0.184722
49 0.939062 0.301389 0.106250 0.191667
51 0.068750 0.521528 0.135937 0.129167
51 0.209766 0.517361 0.128906 0.131944
51 0.341406 0.507639 0.139062 0.145833
51 0.468750 0.500000 0.118750 0.147222
51 0.587500 0.507639 0.107813 0.145833
51 0.713672 0.502778 0.133594 0.150000
51 0.085156 0.655556 0.129688 0.141667
51 0.216797 0.652083 0.121094 0.123611
51 0.351562 0.650694 0.125000 0.115278
51 0.475000 0.654861 0.109375 0.106944
51 0.599219 0.663194 0.121875 0.118056
51 0.726953 0.655556 0.132031 0.127778
51 0.855859 0.665972 0.125781 0.129167
48 0.841797 0.499306 0.116406 0.137500
48 0.951563 0.506944 0.085938 0.144444
42 0.102734 0.847917 0.158594 0.281944
42 0.256641 0.846528 0.142969 0.276389
42 0.418750 0.839583 0.142188 0.265278
42 0.581250 0.843056 0.151562 0.244444
42 0.734375 0.850000 0.143750 0.244444
42 0.903516 0.849306 0.155469 0.237500
