37 0.078125 0.789583 0.084375 0.190278
49 0.493359 0.818750 0.091406 0.165278
49 0.402344 0.816667 0.076563 0.172222
49 0.316406 0.815278 0.081250 0.172222
49 0.233984 0.818056 0.075781 0.172222
49 0.144531 0.816667 0.095312 0.175000
17 0.746875 0.806250 0.082813 0.190278
16 0.918359 0.809722 0.085156 0.188889
41 0.423438 0.679167 0.515625 0.083333
41 0.827734 0.666667 0.186719 0.061111
32 0.915625 0.533333 0.067188 0.144444
32 0.844531 0.534028 0.067188 0.148611
37 0.774219 0.528472 0.070312 0.143056
37 0.700000 0.529861 0.078125 0.145833
36 0.431641 0.526389 0.061719 0.141667
36 0.367969 0.526389 0.065625 0.141667
36 0.302344 0.529167 0.065625 0.136111
29 0.238281 0.522222 0.059375 0.138889
29 0.175391 0.522917 0.066406 0.140278
29 0.112109 0.525694 0.067969 0.143056
37 0.943750 0.354861 0.064062 0.148611
37 0.881250 0.368750 0.064062 0.131944
37 0.819531 0.357639 0.060938 0.145833
37 0.755469 0.358333 0.067188 0.147222
30 0.687891 0.360417 0.066406 0.148611
30 0.619922 0.359722 0.069531 0.147222
33 0.422266 0.356250 0.064844 0.154167
33 0.356641 0.356250 0.066406 0.154167
35 0.290625 0.357639 0.064062 0.148611
35 0.225781 0.357639 0.065625 0.148611
52 0.157813 0.355556 0.067188 0.150000
52 0.084375 0.356250 0.079687 0.151389
51 0.914062 0.198611 0.075000 0.130556
51 0.837500 0.197917 0.078125 0.129167
51 0.762109 0.196528 0.072656 0.131944
9 0.683984 0.197222 0.077344 0.130556
9 0.610937 0.196528 0.068750 0.129167
9 0.534375 0.197222 0.084375 0.127778
48 0.441406 0.199306 0.081250 0.123611
48 0.362891 0.198611 0.075781 0.122222
48 0.287500 0.198611 0.075000 0.122222
48 0.212109 0.196528 0.075781 0.118056
48 0.132031 0.194444 0.084375 0.122222
48 0.053125 0.194444 0.073437 0.122222
