10 0.145703 0.111111 0.122656 0.175000
10 0.275000 0.106250 0.131250 0.181944
10 0.413672 0.101389 0.133594 0.194444
10 0.547266 0.114583 0.110156 0.198611
44 0.824219 0.126389 0.134375 0.152778
52 0.953516 0.127778 0.089844 0.163889
42 0.100781 0.817361 0.143750 0.226389
42 0.250000 0.818056 0.150000 0.230556
42 0.402734 0.828472 0.136719 0.215278
42 0.563672 0.838889 0.161719 0.200000
42 0.723828 0.846528 0.139844 0.193056
42 0.908594 0.850000 0.164062 0.177778
45 0.837500 0.545139 0.142188 0.151389
45 0.954687 0.543750 0.090625 0.165278
51 0.699219 0.538194 0.135937 0.131944
51 0.574219 0.531944 0.107813 0.141667
51 0.450391 0.523611 0.136719 0.136111
51 0.322266 0.519444 0.119531 0.141667
51 0.195703 0.519444 0.132031 0.141667
51 0.066797 0.515972 0.124219 0.134722
51 0.089453 0.635417 0.125781 0.126389
51 0.216406 0.640972 0.126563 0.134722
51 0.338672 0.651389 0.119531 0.130556
51 0.456641 0.658333 0.117969 0.125000
51 0.583984 0.670833 0.127344 0.136111
51 0.723047 0.671528 0.135156 0.145833
51 0.857813 0.686111 0.140625 0.130556
49 0.372266 0.307639 0.135156 0.156944
49 0.511719 0.313889 0.140625 0.163889
49 0.667188 0.315278 0.145313 0.175000
49 0.810938 0.324306 0.134375 0.168056
49 0.940234 0.325694 0.116406 0.176389
47 0.093359 0.311806 0.119531 0.159722
47 0.233984 0.308333 0.128906 0.158333
