15 0.149219 0.177778 0.115625 0.147222
15 0.260547 0.180556 0.107031 0.155556
15 0.367188 0.179861 0.101562 0.145833
15 0.508984 0.178472 0.116406 0.131944
15 0.869141 0.180556 0.125781 0.158333
15 0.466406 0.360417 0.140625 0.168056
15 0.605078 0.366667 0.136719 0.163889
15 0.759766 0.362500 0.136719 0.169444
15 0.900391 0.370139 0.146094 0.170833
6 0.181250 0.365972 0.143750 0.162500
6 0.321875 0.365972 0.131250 0.162500
48 0.112891 0.531250 0.124219 0.118056
48 0.221875 0.518750 0.093750 0.120833
48 0.332031 0.518750 0.118750 0.106944
45 0.652344 0.554167 0.123438 0.125000
51 0.533984 0.543056 0.111719 0.122222
51 0.783594 0.552083 0.131250 0.126389
9 0.896094 0.539583 0.112500 0.129167
45 0.451172 0.521528 0.058594 0.123611
10 0.594141 0.719444 0.142969 0.191667
10 0.758984 0.718056 0.128906 0.169444
20 0.894141 0.749306 0.139844 0.151389
46 0.101953 0.756944 0.158594 0.208333
46 0.262109 0.755556 0.150781 0.200000
46 0.394531 0.725000 0.118750 0.197222
1 0.755859 0.040972 0.132031 0.081944
1 0.897266 0.043750 0.147656 0.087500
3 0.496484 0.045833 0.139844 0.091667
3 0.618359 0.047917 0.100781 0.087500
37 0.095703 0.052778 0.110156 0.083333
37 0.225391 0.054167 0.144531 0.086111
37 0.360938 0.050000 0.131250 0.080556
