9 0.675391 0.679167 0.136719 0.163889
10 0.816406 0.640278 0.137500 0.230556
10 0.950781 0.636806 0.096875 0.231944
49 0.229297 0.860417 0.133594 0.162500
49 0.090234 0.862500 0.139844 0.172222
49 0.098047 0.646528 0.135156 0.206944
49 0.255469 0.644444 0.132812 0.205556
49 0.409766 0.646528 0.121094 0.206944
49 0.538672 0.648611 0.132031 0.219444
45 0.935547 0.418750 0.119531 0.140278
45 0.806250 0.425694 0.132812 0.156944
45 0.675781 0.427083 0.121875 0.151389
46 0.503125 0.385417 0.121875 0.215278
46 0.378125 0.391667 0.125000 0.213889
46 0.251172 0.398611 0.128906 0.222222
46 0.117578 0.395139 0.127344 0.209722
11 0.941797 0.156944 0.113281 0.205556
11 0.821875 0.153472 0.123438 0.206944
52 0.692578 0.168750 0.116406 0.193056
52 0.575391 0.170139 0.111719 0.193056
27 0.446484 0.201389 0.125781 0.130556
27 0.313281 0.199306 0.132812 0.143056
27 0.195312 0.209722 0.100000 0.133333
27 0.071094 0.197222 0.139062 0.133333
