13 0.869922 0.800694 0.080469 0.131944
13 0.937500 0.799306 0.053125 0.120833
5 0.411328 0.763889 0.071094 0.133333
5 0.335547 0.779861 0.074219 0.165278
27 0.504297 0.820139 0.067969 0.104167
27 0.515234 0.718750 0.089844 0.098611
23 0.933984 0.520139 0.047656 0.137500
16 0.871484 0.522222 0.074219 0.152778
16 0.798437 0.525000 0.067188 0.155556
16 0.721875 0.518750 0.071875 0.145833
32 0.645703 0.525694 0.069531 0.143056
41 0.767969 0.701389 0.379687 0.061111
37 0.559766 0.383333 0.057031 0.097222
17 0.571094 0.520833 0.073437 0.152778
17 0.494922 0.520833 0.078906 0.152778
4 0.418750 0.521528 0.065625 0.148611
4 0.346875 0.519444 0.078125 0.144444
23 0.277734 0.521528 0.050781 0.154167
37 0.940234 0.377778 0.046094 0.102778
37 0.908594 0.379861 0.023438 0.098611
38 0.863281 0.381250 0.067188 0.101389
29 0.790234 0.384722 0.075781 0.100000
29 0.733594 0.381944 0.037500 0.094444
37 0.682031 0.382639 0.064062 0.104167
37 0.621094 0.381250 0.056250 0.112500
37 0.421484 0.380556 0.075781 0.097222
37 0.350781 0.379861 0.065625 0.095833
37 0.285547 0.380556 0.063281 0.094444
35 0.948047 0.172917 0.035156 0.126389
34 0.896484 0.174306 0.064844 0.129167
33 0.827344 0.177083 0.070312 0.126389
52 0.757812 0.180556 0.065625 0.136111
30 0.684375 0.184028 0.068750 0.120833
11 0.612891 0.179861 0.074219 0.137500
25 0.405859 0.176389 0.066406 0.133333
25 0.337109 0.175000 0.071094 0.130556
25 0.273438 0.175694 0.056250 0.129167
25 0.540625 0.174306 0.062500 0.129167
25 0.473047 0.176389 0.063281 0.127778
