15 0.416797 0.127083 0.158594 0.151389
15 0.272266 0.123611 0.114844 0.150000
15 0.104297 0.119444 0.160156 0.150000
15 0.419531 0.284028 0.150000 0.148611
15 0.096875 0.286111 0.156250 0.144444
15 0.253906 0.445833 0.146875 0.155556
15 0.410937 0.443750 0.146875 0.156944
15 0.558203 0.445139 0.141406 0.154167
15 0.710156 0.448611 0.143750 0.161111
15 0.759375 0.603472 0.137500 0.154167
15 0.442187 0.606250 0.132812 0.156944
15 0.260156 0.604167 0.142188 0.163889
15 0.092578 0.606944 0.155469 0.152778
15 0.365625 0.795139 0.157813 0.184722
15 0.555859 0.797917 0.127344 0.184722
