51 0.936328 0.125000 0.025781 0.105556
51 0.887109 0.131250 0.069531 0.115278
51 0.816406 0.129167 0.071875 0.119444
51 0.746875 0.129861 0.067188 0.120833
48 0.451953 0.131250 0.071094 0.120833
48 0.380078 0.134028 0.069531 0.120833
48 0.310937 0.134028 0.070312 0.123611
48 0.241797 0.134028 0.066406 0.120833
48 0.175391 0.133333 0.067969 0.122222
48 0.106641 0.135417 0.069531 0.126389
9 0.678906 0.131250 0.068750 0.123611
9 0.608594 0.133333 0.071875 0.127778
9 0.538672 0.132639 0.067969 0.129167
37 0.916016 0.299306 0.057031 0.145833
37 0.861719 0.293750 0.050000 0.143056
37 0.800391 0.293750 0.063281 0.151389
37 0.737500 0.297917 0.062500 0.143056
30 0.671875 0.302778 0.065625 0.147222
30 0.608594 0.305556 0.060938 0.152778
35 0.304297 0.300694 0.057031 0.151389
35 0.244141 0.298611 0.063281 0.147222
33 0.426562 0.302778 0.065625 0.158333
33 0.363672 0.297222 0.060156 0.147222
52 0.183984 0.290972 0.061719 0.148611
52 0.122266 0.294444 0.061719 0.155556
32 0.892187 0.487500 0.071875 0.158333
32 0.821484 0.490972 0.069531 0.165278
1 0.750781 0.477778 0.073437 0.147222
1 0.679688 0.481250 0.068750 0.154167
36 0.429297 0.479167 0.061719 0.144444
36 0.366406 0.477778 0.064062 0.141667
36 0.305078 0.476389 0.058594 0.144444
29 0.248437 0.480556 0.056250 0.141667
29 0.191016 0.479861 0.058594 0.140278
29 0.130859 0.479861 0.061719 0.140278
17 0.727344 0.803472 0.087500 0.229167
16 0.901953 0.804861 0.083594 0.220833
49 0.463281 0.820833 0.090625 0.213889
49 0.378516 0.819444 0.085156 0.213889
49 0.293359 0.811806 0.085156 0.209722
49 0.207813 0.825694 0.085938 0.231944
49 0.118359 0.826389 0.092969 0.230556
37 0.063672 0.779167 0.113281 0.230556
