49 0.161719 0.154167 0.135937 0.216667
49 0.293359 0.158333 0.125781 0.225000
49 0.421484 0.156944 0.130469 0.225000
49 0.556641 0.159722 0.125781 0.227778
49 0.694531 0.159028 0.126563 0.220833
49 0.818359 0.155556 0.117969 0.222222
49 0.939844 0.157639 0.120312 0.240278
48 0.139062 0.374306 0.117188 0.173611
48 0.260156 0.375000 0.117188 0.177778
48 0.381641 0.374306 0.121094 0.173611
48 0.553906 0.367361 0.132812 0.176389
48 0.704297 0.375694 0.130469 0.162500
48 0.822656 0.373611 0.121875 0.183333
48 0.935156 0.377778 0.098438 0.172222
49 0.420312 0.618056 0.115625 0.225000
49 0.774219 0.604167 0.103125 0.227778
50 0.928906 0.711111 0.131250 0.133333
49 0.538281 0.615972 0.121875 0.245833
