25 0.536719 0.190278 0.070312 0.130556
35 0.953906 0.186111 0.042188 0.133333
34 0.899219 0.182639 0.060938 0.131944
37 0.825781 0.182639 0.070312 0.126389
52 0.755859 0.182639 0.064844 0.129167
30 0.680078 0.185417 0.072656 0.118056
11 0.607813 0.184722 0.070312 0.133333
25 0.464063 0.178472 0.065625 0.129167
25 0.396484 0.184028 0.066406 0.131944
25 0.325391 0.187500 0.067969 0.127778
25 0.265625 0.184722 0.051562 0.133333
37 0.934766 0.387500 0.046094 0.111111
38 0.862891 0.381944 0.069531 0.097222
29 0.782031 0.385417 0.068750 0.104167
29 0.731250 0.386806 0.032812 0.106944
37 0.682031 0.384722 0.060938 0.102778
37 0.621094 0.384028 0.064062 0.112500
37 0.551953 0.384028 0.071094 0.109722
37 0.413281 0.388194 0.070312 0.098611
37 0.345313 0.388889 0.065625 0.100000
37 0.280469 0.383333 0.064062 0.111111
23 0.933203 0.524306 0.057031 0.145833
16 0.870703 0.529167 0.069531 0.169444
16 0.795703 0.525000 0.080469 0.161111
16 0.719531 0.526389 0.071875 0.158333
32 0.644141 0.527778 0.069531 0.138889
17 0.567969 0.528472 0.076563 0.143056
17 0.491016 0.525000 0.077344 0.136111
4 0.416016 0.525000 0.072656 0.147222
4 0.342187 0.525694 0.075000 0.148611
21 0.276953 0.531944 0.049219 0.152778
5 0.410547 0.748611 0.071094 0.158333
5 0.339844 0.779861 0.073437 0.154167
27 0.509375 0.725694 0.068750 0.095833
27 0.508203 0.813889 0.071094 0.080556
41 0.772656 0.690972 0.376563 0.059722
