24 0.207031 0.216667 0.145313 0.111111
24 0.378906 0.219444 0.160938 0.105556
24 0.555469 0.217361 0.165625 0.104167
24 0.718359 0.218750 0.160156 0.106944
24 0.888281 0.216667 0.165625 0.102778
24 0.858594 0.389583 0.145313 0.109722
24 0.692578 0.386111 0.147656 0.111111
24 0.528516 0.386806 0.138281 0.109722
24 0.374609 0.385417 0.147656 0.112500
24 0.214062 0.381944 0.157813 0.122222
22 0.879687 0.550694 0.134375 0.106944
22 0.748438 0.550000 0.128125 0.105556
22 0.620313 0.555556 0.128125 0.094444
22 0.493359 0.551389 0.125781 0.086111
22 0.362891 0.547917 0.135156 0.093056
22 0.226172 0.550694 0.122656 0.093056
23 0.505859 0.668056 0.130469 0.141667
23 0.372656 0.671528 0.135937 0.148611
23 0.241406 0.672917 0.126563 0.145833
17 0.901563 0.682639 0.134375 0.126389
17 0.773438 0.681250 0.121875 0.134722
17 0.643750 0.677778 0.137500 0.141667
12 0.333203 0.857639 0.135156 0.101389
12 0.192188 0.857639 0.137500 0.101389
13 0.438281 0.861111 0.164062 0.111111
13 0.610156 0.854861 0.160938 0.123611
16 0.785156 0.848611 0.137500 0.152778
16 0.917578 0.851389 0.107031 0.150000
