19 0.839453 0.174306 0.142969 0.090278
19 0.727344 0.176389 0.081250 0.094444
19 0.617969 0.174306 0.137500 0.098611
19 0.457422 0.177083 0.144531 0.098611
19 0.308984 0.175000 0.152344 0.102778
19 0.174609 0.175000 0.116406 0.102778
21 0.519531 0.322222 0.143750 0.144444
21 0.330078 0.322917 0.144531 0.148611
21 0.177734 0.324306 0.160156 0.151389
32 0.679297 0.320833 0.158594 0.144444
20 0.830859 0.268056 0.132031 0.036111
20 0.949609 0.272917 0.086719 0.037500
20 0.944141 0.316667 0.085156 0.038889
20 0.831250 0.309028 0.140625 0.054167
20 0.836719 0.366667 0.145313 0.050000
12 0.909375 0.470833 0.150000 0.105556
12 0.780859 0.469444 0.107031 0.102778
12 0.648047 0.470833 0.158594 0.100000
12 0.487109 0.472222 0.163281 0.102778
12 0.327344 0.472222 0.156250 0.102778
12 0.175781 0.471528 0.146875 0.101389
7 0.483594 0.618750 0.148438 0.159722
7 0.314453 0.622917 0.158594 0.168056
7 0.158594 0.623611 0.151562 0.169444
5 0.660156 0.628472 0.160938 0.173611
5 0.847266 0.590278 0.125781 0.105556
5 0.956250 0.581250 0.060938 0.095833
49 0.474609 0.838194 0.160156 0.159722
49 0.304297 0.818750 0.146094 0.137500
49 0.146484 0.825000 0.161719 0.166667
10 0.910937 0.825000 0.148438 0.183333
10 0.754297 0.831250 0.144531 0.170833
10 0.622656 0.815972 0.121875 0.151389
