15 0.405469 0.093056 0.148438 0.172222
15 0.261328 0.099306 0.130469 0.165278
15 0.102344 0.100000 0.140625 0.152778
15 0.094531 0.275000 0.146875 0.163889
15 0.417969 0.275000 0.135937 0.175000
15 0.732813 0.279861 0.156250 0.168056
15 0.723047 0.459722 0.161719 0.175000
15 0.567187 0.456944 0.151562 0.177778
15 0.414453 0.460417 0.153906 0.176389
15 0.252734 0.455556 0.155469 0.177778
15 0.092969 0.463194 0.162500 0.179167
15 0.097656 0.645833 0.150000 0.172222
15 0.251563 0.638194 0.146875 0.162500
15 0.437109 0.645139 0.150781 0.168056
15 0.594922 0.643750 0.157031 0.176389
15 0.758203 0.637500 0.139844 0.172222
15 0.906250 0.653472 0.146875 0.181944
15 0.523828 0.869444 0.166406 0.188889
15 0.338672 0.867361 0.182031 0.201389
15 0.750000 0.865278 0.165625 0.186111
