41 0.480078 0.750694 0.749219 0.104167
48 0.785937 0.615972 0.104687 0.123611
48 0.678125 0.617361 0.110937 0.126389
48 0.541797 0.570139 0.102344 0.109722
48 0.444141 0.568750 0.092969 0.106944
48 0.351172 0.590972 0.092969 0.112500
36 0.848047 0.903472 0.127344 0.190278
36 0.723047 0.903472 0.117969 0.170833
36 0.606250 0.897222 0.115625 0.172222
36 0.492578 0.899306 0.110156 0.170833
36 0.377734 0.895833 0.113281 0.172222
36 0.257422 0.894444 0.116406 0.166667
15 0.245703 0.579167 0.114844 0.177778
15 0.135547 0.574306 0.105469 0.168056
7 0.141016 0.393056 0.094531 0.177778
19 0.807031 0.419444 0.112500 0.113889
19 0.812109 0.301389 0.122656 0.122222
19 0.692969 0.308333 0.125000 0.130556
19 0.576172 0.309722 0.108594 0.133333
19 0.580469 0.429861 0.117188 0.106944
19 0.694141 0.429167 0.110156 0.108333
19 0.462891 0.305556 0.119531 0.127778
19 0.348828 0.309722 0.107031 0.122222
19 0.226562 0.304861 0.126563 0.120833
19 0.472656 0.423611 0.107813 0.105556
19 0.360938 0.425000 0.115625 0.108333
19 0.245312 0.421528 0.115625 0.115278
18 0.828516 0.163889 0.119531 0.136111
18 0.710547 0.161111 0.116406 0.130556
18 0.594531 0.166667 0.115625 0.119444
18 0.478516 0.167361 0.116406 0.120833
18 0.363672 0.168750 0.113281 0.118056
18 0.248828 0.174306 0.116406 0.129167
18 0.126563 0.175694 0.104687 0.120833
18 0.044531 0.173611 0.059375 0.116667
37 0.366406 0.080556 0.693750 0.044444
