48 0.897656 0.434028 0.098438 0.090278
48 0.748438 0.426389 0.096875 0.086111
48 0.654688 0.429861 0.089062 0.084722
48 0.551562 0.431250 0.104687 0.101389
48 0.451953 0.431250 0.091406 0.104167
46 0.879687 0.120139 0.093750 0.170833
46 0.648047 0.115278 0.105469 0.177778
46 0.398047 0.119444 0.119531 0.194444
46 0.742188 0.132639 0.079687 0.156944
50 0.948047 0.287500 0.050781 0.072222
50 0.953516 0.359028 0.039844 0.068056
50 0.869531 0.281250 0.104687 0.073611
50 0.869922 0.354861 0.117969 0.068056
50 0.753906 0.278472 0.109375 0.062500
50 0.743359 0.350000 0.111719 0.066667
50 0.628516 0.286111 0.111719 0.069444
50 0.626172 0.353472 0.116406 0.062500
50 0.509766 0.286806 0.110156 0.073611
50 0.510938 0.352778 0.104687 0.077778
50 0.395703 0.284722 0.117969 0.063889
50 0.399219 0.352778 0.103125 0.075000
10 0.948438 0.872222 0.064062 0.208333
10 0.788672 0.819444 0.107031 0.191667
10 0.705078 0.800000 0.080469 0.188889
10 0.591406 0.809722 0.103125 0.191667
10 0.368750 0.881944 0.093750 0.205556
