49 0.701953 0.869444 0.114844 0.152778
49 0.584766 0.861806 0.102344 0.145833
49 0.467969 0.861111 0.104687 0.144444
49 0.346875 0.855556 0.109375 0.144444
49 0.233203 0.860417 0.097656 0.145833
49 0.123438 0.870833 0.115625 0.150000
41 0.465234 0.757639 0.707031 0.073611
37 0.843359 0.626389 0.108594 0.150000
45 0.735547 0.647222 0.105469 0.111111
45 0.627344 0.648611 0.110937 0.113889
45 0.517578 0.646528 0.108594 0.118056
9 0.418359 0.640972 0.089844 0.118056
9 0.321484 0.644444 0.102344 0.108333
9 0.216406 0.643056 0.104687 0.111111
9 0.114844 0.647222 0.092188 0.108333
10 0.837891 0.428472 0.111719 0.151389
10 0.724609 0.427083 0.107031 0.154167
10 0.610547 0.427778 0.111719 0.155556
11 0.508203 0.433333 0.092969 0.144444
11 0.312500 0.431944 0.100000 0.141667
52 0.216406 0.437500 0.090625 0.141667
52 0.122266 0.431944 0.092969 0.138889
47 0.824219 0.279861 0.109375 0.126389
47 0.706250 0.279167 0.087500 0.116667
47 0.592578 0.281944 0.102344 0.116667
49 0.473828 0.278472 0.097656 0.137500
49 0.362109 0.281944 0.099219 0.127778
49 0.247266 0.272917 0.110156 0.134722
49 0.143750 0.279861 0.096875 0.134722
27 0.859375 0.135417 0.112500 0.109722
27 0.746484 0.130556 0.113281 0.100000
50 0.563672 0.163194 0.110156 0.054167
50 0.600000 0.118056 0.103125 0.055556
50 0.513281 0.117361 0.068750 0.040278
50 0.438281 0.112500 0.081250 0.050000
50 0.451562 0.162500 0.110937 0.050000
51 0.345703 0.134028 0.097656 0.101389
51 0.240625 0.132639 0.112500 0.090278
51 0.128516 0.128472 0.111719 0.098611
