8 0.084375 0.612500 0.128125 0.150000
8 0.197266 0.605556 0.099219 0.150000
46 0.957812 0.777778 0.076563 0.191667
46 0.836719 0.774306 0.118750 0.179167
46 0.697656 0.781944 0.126563 0.175000
8 0.311328 0.607639 0.121094 0.143056
28 0.569141 0.780556 0.121094 0.177778
28 0.442187 0.772222 0.123438 0.155556
28 0.321875 0.757639 0.107813 0.162500
28 0.195703 0.763889 0.139844 0.150000
28 0.076172 0.769444 0.100781 0.163889
25 0.803125 0.605556 0.095312 0.144444
25 0.876953 0.606250 0.036719 0.151389
25 0.941406 0.606250 0.117188 0.137500
37 0.703125 0.608333 0.095312 0.144444
37 0.609766 0.609028 0.092969 0.159722
37 0.529688 0.606250 0.101562 0.159722
37 0.426562 0.604861 0.098438 0.151389
37 0.889063 0.470139 0.096875 0.126389
37 0.796875 0.468056 0.087500 0.122222
37 0.692578 0.471528 0.121094 0.109722
52 0.575391 0.459722 0.110156 0.138889
52 0.462109 0.454167 0.108594 0.133333
30 0.348437 0.452778 0.110937 0.130556
30 0.231641 0.457639 0.122656 0.140278
26 0.109375 0.456250 0.114063 0.145833
33 0.953906 0.301389 0.092188 0.141667
33 0.846094 0.306944 0.117188 0.127778
34 0.735156 0.304167 0.104687 0.130556
37 0.622266 0.306944 0.114844 0.136111
27 0.510938 0.328472 0.106250 0.098611
37 0.391406 0.327778 0.120312 0.108333
38 0.270312 0.305556 0.115625 0.141667
38 0.161719 0.311806 0.104687 0.120833
38 0.042188 0.307639 0.075000 0.137500
49 0.929297 0.161806 0.117969 0.134722
49 0.812891 0.168056 0.111719 0.105556
49 0.694922 0.159028 0.128906 0.115278
37 0.357422 0.174306 0.096094 0.131944
37 0.276563 0.172222 0.114063 0.130556
37 0.175000 0.170139 0.087500 0.129167
37 0.059766 0.161806 0.114844 0.159722
