49 0.751953 0.837500 0.077344 0.150000
49 0.682031 0.831944 0.064062 0.172222
49 0.607422 0.827083 0.067969 0.148611
49 0.534375 0.822222 0.067188 0.158333
49 0.461719 0.822917 0.068750 0.156944
49 0.388281 0.837500 0.071875 0.158333
51 0.523828 0.084028 0.058594 0.104167
51 0.458984 0.084028 0.071094 0.104167
51 0.391016 0.085417 0.064844 0.101389
50 0.672656 0.110417 0.082813 0.054167
50 0.592969 0.110417 0.076563 0.054167
50 0.685547 0.057639 0.064844 0.059722
50 0.629687 0.058333 0.042188 0.047222
50 0.582031 0.054861 0.053125 0.054167
49 0.604688 0.228472 0.065625 0.148611
49 0.538281 0.229861 0.054688 0.148611
49 0.464844 0.226389 0.075000 0.150000
49 0.394531 0.228472 0.060938 0.154167
47 0.830078 0.236806 0.075781 0.129167
47 0.755859 0.231944 0.061719 0.133333
47 0.678516 0.228472 0.074219 0.140278
10 0.836328 0.392361 0.074219 0.162500
10 0.765234 0.388889 0.064844 0.155556
10 0.697656 0.390972 0.070312 0.151389
11 0.631250 0.395139 0.057813 0.156944
11 0.581641 0.384722 0.041406 0.136111
11 0.508594 0.394444 0.065625 0.161111
9 0.571484 0.598611 0.052344 0.113889
9 0.514844 0.607639 0.062500 0.120833
9 0.446875 0.615278 0.073437 0.116667
9 0.379687 0.609722 0.054688 0.125000
29 0.841016 0.602778 0.060156 0.150000
45 0.775781 0.614583 0.067188 0.129167
45 0.705469 0.613889 0.073437 0.127778
45 0.635938 0.613889 0.065625 0.127778
52 0.443750 0.393056 0.056250 0.150000
52 0.387891 0.393750 0.055469 0.151389
