17 0.940234 0.848611 0.116406 0.186111
17 0.770312 0.840278 0.159375 0.163889
17 0.618359 0.835417 0.139844 0.165278
17 0.473828 0.847917 0.149219 0.184722
17 0.129297 0.831944 0.172656 0.175000
17 0.441797 0.186111 0.161719 0.163889
17 0.603125 0.185417 0.151562 0.170833
17 0.760547 0.186111 0.150781 0.158333
17 0.893750 0.183333 0.095312 0.152778
17 0.969922 0.186806 0.060156 0.145833
16 0.298047 0.841667 0.169531 0.175000
24 0.830859 0.389583 0.178906 0.118056
24 0.648047 0.384028 0.186719 0.106944
24 0.883594 0.627778 0.140625 0.055556
24 0.717188 0.624306 0.146875 0.076389
24 0.434766 0.638194 0.180469 0.112500
24 0.282813 0.629861 0.125000 0.126389
24 0.121094 0.629861 0.175000 0.115278
23 0.960938 0.379167 0.060938 0.130556
23 0.090625 0.184722 0.181250 0.152778
23 0.170703 0.190972 0.089844 0.134722
22 0.954297 0.515972 0.077344 0.104167
22 0.839063 0.518750 0.146875 0.101389
22 0.684766 0.513194 0.153906 0.106944
22 0.536328 0.514583 0.142969 0.109722
22 0.389844 0.515278 0.150000 0.108333
22 0.241797 0.511111 0.146094 0.100000
22 0.094922 0.516667 0.147656 0.088889
13 0.457812 0.379861 0.182812 0.118056
13 0.274219 0.377083 0.178125 0.129167
13 0.097266 0.375694 0.175781 0.129167
