42 0.683984 0.861111 0.107031 0.166667
19 0.350391 0.697222 0.085156 0.102778
19 0.271875 0.679167 0.068750 0.072222
19 0.105469 0.694444 0.089062 0.091667
23 0.260156 0.554861 0.100000 0.123611
23 0.390234 0.541667 0.088281 0.091667
22 0.562109 0.556250 0.083594 0.115278
22 0.645312 0.555556 0.081250 0.113889
22 0.753125 0.555556 0.082813 0.100000
1 0.863672 0.406944 0.082031 0.097222
1 0.944141 0.407639 0.064844 0.095833
36 0.721875 0.402778 0.067188 0.088889
36 0.644531 0.404167 0.071875 0.094444
36 0.575391 0.406944 0.075781 0.102778
44 0.454688 0.415278 0.075000 0.116667
44 0.362109 0.415972 0.074219 0.118056
44 0.287109 0.415972 0.075781 0.118056
30 0.866406 0.256250 0.053125 0.118056
30 0.805078 0.260417 0.069531 0.126389
7 0.705859 0.243056 0.063281 0.122222
7 0.638281 0.248611 0.071875 0.133333
11 0.570703 0.245833 0.060156 0.130556
11 0.509766 0.250694 0.061719 0.140278
11 0.414453 0.258333 0.078906 0.127778
52 0.292188 0.252083 0.070312 0.143056
35 0.137891 0.258333 0.082031 0.138889
33 0.216016 0.258333 0.072656 0.133333
34 0.062500 0.253472 0.062500 0.134722
27 0.933203 0.111111 0.086719 0.094444
9 0.845703 0.114583 0.082031 0.093056
9 0.676953 0.122222 0.077344 0.097222
9 0.598047 0.118750 0.080469 0.090278
9 0.471094 0.118056 0.079687 0.097222
10 0.389453 0.095833 0.082031 0.136111
10 0.302734 0.097222 0.091406 0.138889
10 0.207031 0.098611 0.100000 0.136111
2 0.166016 0.877083 0.142969 0.190278
2 0.475391 0.885417 0.119531 0.143056
37 0.357031 0.882639 0.112500 0.154167
37 0.291016 0.872222 0.089844 0.177778
