15 0.576563 0.890972 0.134375 0.195833
7 0.262500 0.886111 0.126563 0.191667
7 0.403125 0.879167 0.135937 0.186111
7 0.926953 0.891667 0.132031 0.191667
7 0.245703 0.603472 0.133594 0.162500
7 0.395312 0.608333 0.128125 0.161111
7 0.707422 0.602778 0.114844 0.175000
7 0.891406 0.596528 0.131250 0.165278
7 0.737500 0.411111 0.123438 0.163889
7 0.614062 0.406944 0.118750 0.166667
7 0.442969 0.409028 0.126563 0.162500
7 0.309375 0.410417 0.123438 0.162500
7 0.889844 0.406944 0.125000 0.166667
7 0.145703 0.406250 0.114844 0.162500
19 0.888281 0.250694 0.112500 0.087500
19 0.764453 0.247222 0.125781 0.105556
19 0.632812 0.252778 0.128125 0.108333
19 0.505078 0.252083 0.114844 0.104167
19 0.375781 0.252778 0.129688 0.105556
19 0.253906 0.250000 0.114063 0.100000
19 0.144922 0.256944 0.103906 0.086111
20 0.906250 0.139583 0.129688 0.045833
20 0.764453 0.090972 0.132031 0.054167
20 0.766016 0.143750 0.133594 0.040278
20 0.643359 0.099306 0.103906 0.056944
20 0.543359 0.140278 0.132031 0.041667
20 0.427344 0.099306 0.106250 0.062500
20 0.400391 0.131250 0.136719 0.045833
20 0.150391 0.083333 0.136719 0.075000
20 0.147656 0.137500 0.137500 0.050000
