49 0.364062 0.307639 0.120312 0.156944
49 0.506641 0.310417 0.125781 0.162500
49 0.664453 0.318056 0.136719 0.166667
49 0.808203 0.320139 0.128906 0.162500
49 0.935938 0.320833 0.128125 0.150000
47 0.092969 0.309028 0.112500 0.154167
47 0.239063 0.315278 0.118750 0.166667
50 0.065625 0.510417 0.123438 0.123611
50 0.208594 0.513889 0.110937 0.127778
50 0.329297 0.511111 0.127344 0.136111
50 0.458594 0.518750 0.121875 0.134722
50 0.579297 0.525694 0.117969 0.143056
50 0.708984 0.527083 0.128906 0.154167
50 0.085547 0.642361 0.121094 0.129167
50 0.207422 0.645139 0.122656 0.123611
50 0.336328 0.653472 0.122656 0.148611
50 0.461328 0.665972 0.127344 0.123611
50 0.590234 0.669444 0.122656 0.147222
50 0.722266 0.679167 0.133594 0.150000
50 0.863281 0.683333 0.137500 0.152778
48 0.839063 0.527083 0.131250 0.154167
48 0.955469 0.543056 0.089062 0.136111
42 0.098438 0.815972 0.146875 0.204167
42 0.251953 0.823611 0.139844 0.219444
42 0.398828 0.818750 0.149219 0.212500
42 0.565234 0.845833 0.144531 0.202778
42 0.721875 0.849306 0.156250 0.195833
42 0.904297 0.863889 0.174219 0.183333
10 0.144531 0.113194 0.121875 0.170833
10 0.276953 0.112500 0.139844 0.183333
10 0.417188 0.108333 0.129688 0.169444
10 0.545313 0.110417 0.125000 0.176389
52 0.952344 0.125694 0.092188 0.168056
11 0.824219 0.126389 0.135937 0.158333
