20 0.085938 0.092361 0.135937 0.059722
20 0.087109 0.148611 0.136719 0.055556
20 0.092578 0.203472 0.138281 0.056944
20 0.236719 0.097222 0.148438 0.061111
20 0.235547 0.159028 0.142969 0.062500
20 0.243750 0.205556 0.156250 0.052778
20 0.385547 0.101389 0.121094 0.075000
20 0.503125 0.098611 0.137500 0.069444
20 0.640234 0.098611 0.133594 0.080556
20 0.796094 0.109722 0.148438 0.058333
20 0.941406 0.104167 0.117188 0.083333
20 0.938281 0.164583 0.123438 0.065278
20 0.932031 0.213194 0.107813 0.062500
20 0.791016 0.213194 0.142969 0.062500
20 0.796484 0.160417 0.139844 0.043056
20 0.661328 0.170139 0.138281 0.051389
20 0.662891 0.224306 0.136719 0.073611
20 0.517578 0.171528 0.135156 0.056944
20 0.510547 0.212500 0.116406 0.050000
20 0.388672 0.164583 0.135156 0.062500
20 0.389062 0.213889 0.128125 0.047222
19 0.113672 0.370833 0.139844 0.113889
19 0.257031 0.363889 0.135937 0.133333
19 0.389453 0.371528 0.127344 0.134722
19 0.523047 0.370833 0.139844 0.108333
19 0.650781 0.369444 0.131250 0.127778
19 0.780078 0.361806 0.136719 0.140278
21 0.921094 0.356944 0.134375 0.163889
19 0.055469 0.892361 0.110937 0.129167
19 0.189844 0.896528 0.132812 0.129167
19 0.330859 0.895139 0.133594 0.134722
19 0.479688 0.896528 0.151562 0.143056
19 0.623438 0.899306 0.146875 0.145833
19 0.766016 0.899306 0.135156 0.145833
19 0.914453 0.898611 0.141406 0.144444
37 0.513672 0.823611 0.939844 0.038889
7 0.129688 0.518056 0.132812 0.166667
7 0.259766 0.514583 0.135156 0.173611
7 0.400391 0.520833 0.138281 0.163889
7 0.534766 0.522222 0.127344 0.158333
7 0.664453 0.525694 0.132031 0.170833
6 0.800781 0.522222 0.128125 0.152778
6 0.928516 0.529167 0.127344 0.169444
5 0.140625 0.683333 0.131250 0.152778
5 0.283984 0.688194 0.147656 0.162500
5 0.423438 0.705556 0.118750 0.180556
5 0.564844 0.684028 0.132812 0.145833
5 0.691406 0.689583 0.132812 0.165278
5 0.819531 0.688889 0.126563 0.155556
5 0.936719 0.700000 0.114063 0.169444
