10 0.142578 0.112500 0.132031 0.172222
10 0.276953 0.117361 0.135156 0.181944
10 0.413672 0.112500 0.125781 0.169444
10 0.547656 0.119444 0.121875 0.183333
44 0.820312 0.125694 0.125000 0.156944
52 0.952344 0.125000 0.095312 0.169444
47 0.087891 0.311111 0.125781 0.180556
47 0.239453 0.306250 0.125781 0.173611
49 0.377344 0.308333 0.145313 0.163889
49 0.510547 0.309722 0.114844 0.172222
49 0.675000 0.320139 0.151562 0.162500
49 0.812891 0.316667 0.124219 0.175000
49 0.939062 0.327083 0.121875 0.179167
45 0.840625 0.541667 0.134375 0.136111
45 0.955078 0.550000 0.085156 0.144444
51 0.066797 0.517361 0.132031 0.126389
51 0.200000 0.511806 0.128125 0.134722
51 0.334375 0.518056 0.123438 0.158333
51 0.459375 0.522222 0.112500 0.147222
51 0.581641 0.522222 0.124219 0.152778
51 0.712500 0.532639 0.114063 0.148611
51 0.862109 0.691667 0.139844 0.155556
51 0.728125 0.681944 0.131250 0.150000
51 0.595312 0.672917 0.137500 0.151389
51 0.462891 0.663889 0.125781 0.133333
51 0.336328 0.660417 0.124219 0.140278
51 0.213672 0.650000 0.121094 0.133333
51 0.086719 0.650694 0.125000 0.131944
42 0.100391 0.809722 0.127344 0.200000
42 0.242969 0.814583 0.145313 0.212500
42 0.410156 0.819444 0.146875 0.200000
42 0.565625 0.836111 0.139062 0.194444
42 0.730078 0.856944 0.172656 0.205556
42 0.917188 0.855556 0.156250 0.197222
