24 0.856250 0.073611 0.165625 0.127778
24 0.690234 0.076389 0.155469 0.122222
24 0.530469 0.080556 0.153125 0.119444
24 0.365234 0.077778 0.150781 0.116667
24 0.200391 0.081944 0.160156 0.113889
24 0.823828 0.260417 0.160156 0.115278
24 0.668750 0.259028 0.151562 0.120833
24 0.512891 0.263194 0.152344 0.123611
24 0.362109 0.265972 0.153906 0.115278
24 0.206641 0.266667 0.146094 0.113889
23 0.224219 0.587500 0.114063 0.144444
23 0.346484 0.588194 0.122656 0.148611
23 0.483594 0.585417 0.129688 0.145833
17 0.612500 0.587500 0.125000 0.144444
17 0.737891 0.584028 0.122656 0.145833
17 0.865234 0.584028 0.132031 0.145833
22 0.936328 0.446528 0.053906 0.095833
22 0.841406 0.445833 0.115625 0.102778
22 0.712109 0.447917 0.113281 0.095833
22 0.589453 0.449306 0.117969 0.104167
22 0.467187 0.452083 0.123438 0.104167
22 0.342578 0.450000 0.121094 0.102778
22 0.207813 0.452778 0.109375 0.113889
12 0.185156 0.797222 0.131250 0.116667
12 0.316406 0.790278 0.123438 0.119444
13 0.434375 0.794444 0.159375 0.138889
13 0.597656 0.795833 0.162500 0.138889
16 0.767578 0.782639 0.142969 0.176389
16 0.902734 0.780556 0.117969 0.175000
