22 0.088281 0.129861 0.121875 0.112500
17 0.096094 0.273611 0.134375 0.169444
17 0.227734 0.276389 0.113281 0.152778
17 0.353125 0.271528 0.134375 0.143056
16 0.905469 0.282639 0.100000 0.137500
16 0.752344 0.277778 0.098438 0.144444
16 0.630859 0.275000 0.139844 0.152778
16 0.494922 0.272917 0.128906 0.156944
24 0.110547 0.469444 0.160156 0.138889
24 0.108203 0.656944 0.160156 0.138889
24 0.280078 0.659028 0.141406 0.134722
24 0.426562 0.654861 0.142188 0.129167
24 0.591016 0.656250 0.160156 0.129167
24 0.764844 0.656250 0.159375 0.131944
6 0.816406 0.454861 0.120312 0.156944
6 0.930469 0.445833 0.067188 0.152778
13 0.872266 0.866667 0.180469 0.147222
13 0.647266 0.877083 0.185156 0.156944
13 0.413281 0.870139 0.178125 0.165278
13 0.239453 0.861806 0.169531 0.148611
12 0.075391 0.872222 0.150781 0.122222
