20 0.408984 0.245833 0.130469 0.055556
20 0.279297 0.242361 0.127344 0.048611
20 0.271094 0.302778 0.134375 0.066667
20 0.407031 0.304861 0.125000 0.054167
20 0.408594 0.355556 0.121875 0.050000
20 0.274609 0.354861 0.132031 0.048611
19 0.908984 0.159722 0.121094 0.113889
19 0.778516 0.144444 0.133594 0.111111
19 0.644922 0.142361 0.117969 0.101389
19 0.522266 0.139583 0.127344 0.106944
19 0.384375 0.146528 0.114063 0.109722
19 0.259375 0.135417 0.125000 0.106944
19 0.091406 0.136806 0.109375 0.104167
21 0.835156 0.305556 0.137500 0.150000
21 0.676953 0.301389 0.132031 0.161111
21 0.540625 0.301389 0.126563 0.161111
5 0.110937 0.479167 0.117188 0.155556
5 0.244922 0.478472 0.130469 0.154167
5 0.379687 0.480556 0.129688 0.150000
5 0.506641 0.481250 0.125781 0.148611
5 0.645703 0.480556 0.132031 0.147222
5 0.787500 0.481250 0.134375 0.145833
5 0.910547 0.483333 0.107031 0.161111
6 0.910547 0.655556 0.092969 0.161111
6 0.785156 0.647917 0.118750 0.154167
6 0.661328 0.657639 0.127344 0.159722
7 0.505859 0.652778 0.127344 0.152778
7 0.369531 0.653472 0.117188 0.156944
7 0.243750 0.652083 0.134375 0.154167
7 0.114844 0.651389 0.123438 0.155556
1 0.234375 0.882639 0.129688 0.126389
1 0.107813 0.885417 0.123438 0.131944
4 0.504297 0.858333 0.133594 0.163889
3 0.368359 0.876389 0.124219 0.147222
37 0.892969 0.856944 0.096875 0.130556
37 0.775781 0.886806 0.132812 0.134722
37 0.641016 0.884722 0.136719 0.136111
