20 0.309375 0.203472 0.139062 0.062500
20 0.169922 0.146528 0.139844 0.051389
20 0.048047 0.147222 0.096094 0.047222
20 0.044922 0.197222 0.089844 0.050000
20 0.168750 0.193750 0.139062 0.051389
19 0.874609 0.166667 0.142969 0.105556
19 0.730078 0.172222 0.141406 0.097222
19 0.580078 0.170139 0.153906 0.104167
21 0.814453 0.325694 0.152344 0.168056
21 0.684766 0.318056 0.107031 0.152778
21 0.556250 0.322917 0.146875 0.143056
23 0.391406 0.328472 0.134375 0.137500
23 0.212891 0.318750 0.128906 0.162500
23 0.279687 0.332639 0.081250 0.137500
23 0.095312 0.321528 0.190625 0.148611
5 0.873828 0.497222 0.174219 0.158333
7 0.303125 0.490278 0.140625 0.163889
7 0.117578 0.491667 0.127344 0.152778
40 0.811719 0.659028 0.146875 0.176389
40 0.667969 0.659722 0.150000 0.163889
40 0.552344 0.659722 0.087500 0.147222
48 0.376953 0.668056 0.132031 0.150000
5 0.472266 0.493750 0.127344 0.140278
4 0.232812 0.663889 0.145313 0.152778
4 0.120312 0.665972 0.079687 0.156944
4 0.041797 0.660417 0.077344 0.168056
49 0.903906 0.853472 0.178125 0.170833
49 0.446484 0.836111 0.149219 0.163889
49 0.293750 0.835417 0.154687 0.156944
49 0.141406 0.833333 0.135937 0.155556
