23 0.114844 0.593750 0.107813 0.148611
23 0.233203 0.590972 0.122656 0.143056
23 0.359375 0.594444 0.126563 0.138889
23 0.498047 0.592361 0.136719 0.134722
23 0.639063 0.604167 0.139062 0.141667
23 0.787109 0.595139 0.139844 0.137500
23 0.898828 0.600000 0.086719 0.155556
23 0.309766 0.437500 0.089844 0.127778
23 0.423438 0.436111 0.131250 0.144444
23 0.550000 0.429861 0.109375 0.131944
23 0.673047 0.434028 0.122656 0.134722
23 0.798047 0.436111 0.121094 0.125000
23 0.894922 0.434722 0.078906 0.133333
17 0.191406 0.436111 0.135937 0.136111
24 0.146875 0.148611 0.164062 0.125000
24 0.312891 0.143056 0.166406 0.122222
24 0.481641 0.147917 0.153906 0.112500
22 0.628906 0.154861 0.131250 0.098611
22 0.760156 0.153472 0.132812 0.098611
22 0.876953 0.154167 0.099219 0.100000
22 0.123047 0.315278 0.130469 0.105556
22 0.266406 0.313889 0.107813 0.105556
22 0.383984 0.310417 0.111719 0.095833
22 0.523828 0.313889 0.127344 0.100000
22 0.654688 0.310417 0.126563 0.084722
22 0.788281 0.300694 0.126563 0.087500
22 0.891016 0.313889 0.083594 0.094444
12 0.104297 0.786111 0.132031 0.116667
12 0.245703 0.779167 0.144531 0.108333
12 0.396094 0.778472 0.145313 0.118056
12 0.546094 0.776389 0.151562 0.111111
13 0.741406 0.782639 0.154687 0.126389
13 0.864844 0.759028 0.112500 0.148611
